open,high,low,close,volume,name,avg
51.05,51.27,51.05,51.07,43.89,RPLBUSD,2242.862305098492
51.03,51.03,50.96,51.03,35.2,RPLBUSD,1795.3553551472003
51.16,51.16,50.79,50.79,80.36,RPLBUSD,4095.7016464394796
50.76,50.78,50.55,50.78,50.72,RPLBUSD,2571.9838244835673
50.85,51.11,49.92,50.55,666.73,RPLBUSD,33736.189766320946
50.6,50.6,48.04,48.16,1203.95,RPLBUSD,59405.5140449001
48.32,50.45,48.0,49.72,1113.76,RPLBUSD,54702.002863703885
49.73,50.34,49.32,49.45,776.4,RPLBUSD,38588.72594532912
49.5,50.41,49.48,50.28,512.68,RPLBUSD,25587.647103097766
50.23,50.31,49.81,50.24,105.31,RPLBUSD,5280.196075613173
50.2,50.21,49.73,49.73,74.94,RPLBUSD,3743.9708616433854
49.67,49.77,49.33,49.59,178.5,RPLBUSD,8850.411810286198
49.62,49.83,49.62,49.64,72.78,RPLBUSD,3614.9553164301055
49.66,49.93,49.66,49.82,68.14,RPLBUSD,3390.6198837210254
49.84,50.02,48.78,49.75,634.39,RPLBUSD,31459.170326669875
50.02,50.02,49.43,49.64,96.83,RPLBUSD,4819.19126568188
49.67,49.73,49.49,49.56,19.57,RPLBUSD,970.762715296605
49.43,49.83,49.33,49.83,99.06,RPLBUSD,4913.092353121523
49.82,49.93,49.67,49.93,21.58,RPLBUSD,1075.3227628100099
50.01,50.04,49.83,49.87,47.73,RPLBUSD,2383.1390399049747
49.94,49.94,49.94,49.94,5.0,RPLBUSD,249.66041755599997
49.97,50.49,49.74,49.74,244.07,RPLBUSD,12197.905031529646
49.74,50.16,49.68,50.04,101.02,RPLBUSD,5040.603936780587
50.01,50.01,49.73,49.73,45.79,RPLBUSD,2283.1853120820037
49.65,49.92,49.64,49.92,28.34,RPLBUSD,1410.6124042693539
49.85,50.11,49.79,50.08,93.49,RPLBUSD,4669.7863031114775
50.13,50.42,49.72,49.84,321.7,RPLBUSD,16091.29555341319
49.78,50.11,49.74,50.11,75.75,RPLBUSD,3781.9766360128497
50.0,50.0,49.65,49.74,73.41,RPLBUSD,3658.7249019753626
49.73,49.99,49.34,49.49,105.8,RPLBUSD,5250.8150088383
49.48,49.73,49.48,49.73,10.24,RPLBUSD,507.87467894169595
49.73,49.83,49.49,49.49,96.07,RPLBUSD,4767.678557770985
49.57,49.98,48.83,48.99,175.04,RPLBUSD,8635.542076836577
48.99,49.22,48.99,49.07,68.8,RPLBUSD,3375.30886120912
49.18,49.39,49.18,49.23,27.12,RPLBUSD,1335.312692672112
49.14,49.32,48.89,49.32,113.6,RPLBUSD,5584.542597953439
49.28,49.3,49.25,49.26,16.87,RPLBUSD,831.0953088840708
49.35,49.57,49.26,49.46,89.22,RPLBUSD,4407.661386741096
49.5,50.01,49.14,49.86,204.76,RPLBUSD,10160.116063051812
49.94,50.34,49.92,50.29,108.49,RPLBUSD,5436.928026525236
50.29,51.24,50.29,50.35,364.48,RPLBUSD,18418.810187296993
50.38,50.78,50.35,50.58,88.62,RPLBUSD,4476.594207777845
50.44,50.44,50.14,50.16,28.78,RPLBUSD,1447.2606438693479
50.12,50.37,50.12,50.25,72.7,RPLBUSD,3650.0518020531395
50.33,50.65,50.25,50.65,79.72,RPLBUSD,4022.8305997892317
50.58,50.74,50.24,50.36,75.63,RPLBUSD,3817.197201963552
50.53,51.05,50.47,51.05,113.35,RPLBUSD,5754.433912512451
50.95,51.16,50.86,51.06,112.62,RPLBUSD,5743.554037463681
51.16,51.54,50.67,50.94,594.77,RPLBUSD,30374.54893811172
50.97,50.97,49.9,50.02,289.43,RPLBUSD,14603.769593413728
49.97,50.67,49.79,50.21,485.12,RPLBUSD,24329.761834684417
50.14,50.15,49.91,50.14,34.37,RPLBUSD,1721.1485702717455
50.14,50.31,50.14,50.31,9.45,RPLBUSD,474.55101224684995
50.22,50.22,50.21,50.21,9.74,RPLBUSD,489.016568803268
50.21,50.21,50.07,50.07,15.99,RPLBUSD,801.611508397128
50.04,50.04,49.49,49.49,185.7,RPLBUSD,9239.89555953354
49.55,49.59,49.54,49.59,10.56,RPLBUSD,523.349825432544
49.68,49.75,49.5,49.51,53.3,RPLBUSD,2643.7938393552395
49.51,49.59,49.26,49.29,129.48,RPLBUSD,6396.916300057138
49.33,50.45,49.33,49.78,534.74,RPLBUSD,26584.394823598283
49.86,49.91,49.43,49.49,152.32,RPLBUSD,7564.915819418495
49.43,49.43,49.3,49.4,28.31,RPLBUSD,1398.009252437732
49.33,49.33,48.49,48.53,77.07,RPLBUSD,3769.666737687312
48.5,48.82,48.5,48.79,55.09,RPLBUSD,2679.8413491980127
48.87,49.03,48.73,48.98,109.74,RPLBUSD,5365.709642853318
49.09,49.65,49.07,49.55,454.1,RPLBUSD,22401.74231279512
49.56,49.73,49.32,49.69,335.58,RPLBUSD,16633.741301280177
49.68,49.88,49.68,49.72,68.52,RPLBUSD,3407.644534545504
49.88,49.88,49.53,49.53,110.1,RPLBUSD,5471.65299605034
49.58,49.93,49.58,49.69,133.19,RPLBUSD,6617.827825610033
49.75,49.93,49.57,49.74,182.39,RPLBUSD,9072.008202256857
49.73,49.77,48.73,49.22,185.48,RPLBUSD,9154.305129479619
49.3,49.66,49.3,49.33,75.38,RPLBUSD,3722.993287535653
49.33,49.4,49.22,49.4,46.19,RPLBUSD,2278.537873910705
49.42,49.42,49.27,49.37,21.52,RPLBUSD,1062.2739816307521
49.52,49.52,49.33,49.44,6.4,RPLBUSD,316.44582905408004
49.4,49.52,48.24,49.24,401.64,RPLBUSD,19717.397902535522
49.31,49.41,49.26,49.26,35.39,RPLBUSD,1744.8042697757319
49.41,49.41,48.94,49.13,126.66,RPLBUSD,6233.533553596337
49.16,49.23,49.12,49.16,14.39,RPLBUSD,707.4081688780809
49.04,49.09,48.47,49.08,218.62,RPLBUSD,10693.195045973791
49.09,49.37,49.03,49.37,40.31,RPLBUSD,1983.542169043842
49.38,49.81,49.29,49.53,368.86,RPLBUSD,18256.59765530438
49.59,49.68,49.51,49.62,43.01,RPLBUSD,2132.95782991808
49.64,49.95,49.44,49.73,211.02,RPLBUSD,10483.921625256024
49.75,49.81,49.24,49.78,154.23,RPLBUSD,7655.534602251558
49.7,49.79,49.7,49.76,6.63,RPLBUSD,329.70735150424497
49.69,49.7,49.61,49.61,24.12,RPLBUSD,1197.428453547084
49.59,49.59,49.36,49.43,11.17,RPLBUSD,552.743590194213
49.62,49.72,49.0,49.45,185.78,RPLBUSD,9184.900328759693
49.54,49.56,49.53,49.53,58.58,RPLBUSD,2901.593166526736
49.56,49.56,49.17,49.35,98.81,RPLBUSD,4881.428173323108
49.3,49.3,49.13,49.13,14.85,RPLBUSD,730.7268968072699
49.13,49.13,48.92,48.92,14.74,RPLBUSD,722.5139489301802
48.91,49.07,48.34,48.74,389.81,RPLBUSD,19006.071329901282
48.78,48.78,48.62,48.66,51.53,RPLBUSD,2509.628410630924
48.69,48.95,48.69,48.95,50.35,RPLBUSD,2457.6973440487595
48.94,51.46,48.94,49.56,847.85,RPLBUSD,42152.658151225056
49.44,49.59,49.35,49.53,55.72,RPLBUSD,2756.449278383724
49.6,49.6,49.4,49.4,80.05,RPLBUSD,3961.8468684629997
49.44,49.45,49.38,49.38,112.47,RPLBUSD,5556.542912167335
49.36,49.37,49.35,49.35,37.09,RPLBUSD,1830.3794772431188
49.5,49.65,49.49,49.54,69.56,RPLBUSD,3445.8038845662963
49.58,49.58,49.58,49.58,0.28,RPLBUSD,13.880199361952
49.59,49.62,49.59,49.61,10.15,RPLBUSD,503.3855656687551
49.61,49.61,49.61,49.61,4.24,RPLBUSD,210.313055888672
49.61,49.63,49.54,49.54,16.45,RPLBUSD,815.4617125146799
49.62,49.75,49.62,49.75,4.77,RPLBUSD,236.95988116422598
49.79,49.88,49.76,49.8,9.27,RPLBUSD,461.642333854977
49.8,49.8,49.63,49.63,37.65,RPLBUSD,1871.4730370592297
49.55,49.66,49.55,49.63,24.46,RPLBUSD,1212.9625406931777
49.65,49.65,49.6,49.6,1.5,RPLBUSD,74.4257001675
49.53,49.53,49.43,49.43,5.7,RPLBUSD,281.99129165328003
49.43,49.51,49.36,49.36,36.5,RPLBUSD,1803.3615857983002
49.35,49.4,49.32,49.39,151.74,RPLBUSD,7489.457682938747
49.5,49.52,49.5,49.52,3.35,RPLBUSD,165.83220811058
49.59,50.04,49.39,49.73,65.66,RPLBUSD,3261.9640814722493
49.74,50.16,49.7,49.84,54.54,RPLBUSD,2718.933326355312
49.79,49.79,49.65,49.75,35.87,RPLBUSD,1784.0702943386616
49.83,49.95,49.74,49.74,115.31,RPLBUSD,5743.257084544122
49.75,49.77,49.75,49.77,4.61,RPLBUSD,229.35723652652803
49.8,49.82,49.72,49.73,28.22,RPLBUSD,1404.2162183534979
49.67,49.67,49.58,49.58,16.74,RPLBUSD,830.5908138693
49.7,49.71,49.43,49.43,7.2,RPLBUSD,356.82942643128
49.43,49.43,49.21,49.21,9.94,RPLBUSD,490.1630870283839
49.28,49.29,49.21,49.21,2.56,RPLBUSD,126.053614812928
49.41,49.48,49.33,49.48,43.14,RPLBUSD,2131.8565045278597
49.5,49.52,49.44,49.44,15.37,RPLBUSD,760.31020651751
49.58,49.59,49.45,49.45,10.85,RPLBUSD,537.1797077720149
49.5,49.5,49.4,49.43,28.06,RPLBUSD,1387.557459518626
49.43,49.44,49.31,49.39,79.81,RPLBUSD,3941.390536714829
49.52,50.04,49.23,49.67,190.8,RPLBUSD,9465.041363762159
49.64,49.83,49.49,49.63,54.7,RPLBUSD,2715.2877543430104
49.66,49.66,49.61,49.63,18.63,RPLBUSD,924.6466017819359
49.53,49.56,49.43,49.43,18.41,RPLBUSD,910.920452996015
49.44,49.44,49.35,49.35,12.8,RPLBUSD,632.15577477888
49.35,49.35,49.1,49.1,12.42,RPLBUSD,611.2775849142599
49.07,49.09,48.83,49.03,29.14,RPLBUSD,1427.7793325364362
48.97,48.97,48.97,48.97,3.48,RPLBUSD,170.38858571908798
48.96,48.96,48.94,48.95,9.5,RPLBUSD,464.97503047214997
48.99,48.99,48.98,48.98,8.08,RPLBUSD,395.73605797422397
49.11,49.16,48.95,49.14,13.66,RPLBUSD,670.463101338712
49.13,49.45,49.13,49.16,48.98,RPLBUSD,2410.291010092262
49.2,49.64,49.2,49.39,50.8,RPLBUSD,2506.9635331342797
49.42,49.42,49.33,49.33,53.89,RPLBUSD,2660.3969570117497
49.39,49.39,49.33,49.33,2.28,RPLBUSD,112.52296003238398
49.4,49.42,49.35,49.39,14.68,RPLBUSD,724.930265834896
49.42,49.42,49.42,49.42,10.87,RPLBUSD,537.1102437851919
49.43,49.7,49.21,49.33,340.5,RPLBUSD,16823.99138805495
49.3,49.64,49.21,49.59,163.51,RPLBUSD,8081.835514316938
49.43,49.62,49.43,49.62,6.72,RPLBUSD,332.75524327584
49.67,49.76,49.61,49.69,5.32,RPLBUSD,264.26900143613204
49.71,49.71,49.56,49.59,6.29,RPLBUSD,312.201826919961
49.8,49.94,49.8,49.92,83.11,RPLBUSD,4143.623198710621
49.94,50.02,49.94,50.0,12.55,RPLBUSD,627.0868284356501
50.0,50.0,46.94,47.51,1286.92,RPLBUSD,62550.48142562978
47.45,47.65,47.27,47.63,234.22,RPLBUSD,11123.686393666
47.6,47.71,47.6,47.71,17.95,RPLBUSD,855.27165084273
47.66,47.66,47.64,47.65,17.31,RPLBUSD,824.7340174358668
47.58,47.94,47.26,47.53,202.46,RPLBUSD,9631.013699656163
47.47,47.65,47.47,47.65,13.68,RPLBUSD,650.517663590784
47.69,48.72,47.69,48.6,85.12,RPLBUSD,4100.005964010879
48.6,48.73,48.48,48.62,46.32,RPLBUSD,2251.142492315112
48.72,49.01,48.66,49.01,20.51,RPLBUSD,1001.75467667198
49.02,49.02,48.84,48.84,38.75,RPLBUSD,1895.7369401354997
48.96,49.01,48.85,48.85,8.22,RPLBUSD,402.038108814738
48.91,48.91,48.78,48.78,4.17,RPLBUSD,203.65136206780198
48.78,48.78,48.47,48.55,20.38,RPLBUSD,991.2279456339478
48.55,48.59,48.55,48.59,1.67,RPLBUSD,81.09904214161199
48.54,48.58,48.46,48.53,35.12,RPLBUSD,1704.015636614984
48.53,48.55,48.53,48.55,9.56,RPLBUSD,463.96883999875206
48.56,48.64,48.56,48.64,4.27,RPLBUSD,207.48910361255994
48.64,48.91,48.63,48.71,65.43,RPLBUSD,3187.4078270034993
48.84,48.87,48.32,48.72,95.14,RPLBUSD,4631.394464950549
48.72,48.82,48.72,48.82,17.81,RPLBUSD,868.4560105266759
48.87,48.97,48.87,48.97,19.53,RPLBUSD,955.2561487872481
49.01,49.02,48.69,48.69,37.45,RPLBUSD,1829.236108518665
48.68,48.77,48.58,48.64,26.98,RPLBUSD,1312.841005448742
48.68,48.69,48.67,48.67,0.85,RPLBUSD,41.36931609629501
48.81,48.92,48.81,48.92,71.01,RPLBUSD,3469.353600873403
49.0,49.0,48.74,48.76,64.59,RPLBUSD,3156.3358283176503
48.83,48.84,48.58,48.67,56.88,RPLBUSD,2771.3230202243526
48.67,48.67,48.67,48.67,0.58,RPLBUSD,28.224125202327997
48.65,48.65,48.65,48.65,1.17,RPLBUSD,56.91147696234
48.65,48.65,48.5,48.51,15.6,RPLBUSD,757.6888721173199
48.44,48.44,48.41,48.44,5.31,RPLBUSD,257.13580736933096
48.38,48.47,48.38,48.47,4.43,RPLBUSD,214.48874385366997
48.38,48.38,47.68,47.68,115.24,RPLBUSD,5534.099795414256
47.68,47.69,47.54,47.69,25.26,RPLBUSD,1203.44819914572
47.7,47.92,47.65,47.65,295.04,RPLBUSD,14080.026880271618
47.65,47.65,47.21,47.38,66.76,RPLBUSD,3168.7617082548677
47.34,47.79,47.34,47.53,73.03,RPLBUSD,3468.375106009
47.42,47.48,47.25,47.48,42.92,RPLBUSD,2034.407354616252
47.49,47.57,47.15,47.15,120.1,RPLBUSD,5684.63272915032
47.13,47.13,47.07,47.11,4.26,RPLBUSD,200.65678684312797
47.07,47.07,46.98,47.04,54.89,RPLBUSD,2581.6162973018877
46.98,46.98,46.88,46.92,10.86,RPLBUSD,509.6875915132319
46.92,46.92,46.2,46.4,387.89,RPLBUSD,18076.686929274292
46.32,46.43,46.0,46.13,221.59,RPLBUSD,10240.266255628903
46.05,46.19,45.79,45.93,81.21,RPLBUSD,3734.2558519108916
45.96,46.39,45.75,45.75,121.44,RPLBUSD,5580.80119113528
45.74,46.02,45.73,45.92,140.92,RPLBUSD,6460.510017582764
45.84,45.89,45.83,45.83,3.48,RPLBUSD,159.524008244964
45.98,46.04,45.98,46.04,10.54,RPLBUSD,484.8685264551919
46.09,46.21,46.09,46.18,8.24,RPLBUSD,380.15392844501605
46.27,46.3,46.16,46.16,8.97,RPLBUSD,414.55010009942094
46.29,46.3,46.2,46.2,1.91,RPLBUSD,88.318722496433
46.17,46.4,45.75,45.92,147.84,RPLBUSD,6808.430956411392
45.84,45.84,45.63,45.75,18.32,RPLBUSD,838.281894485904
45.79,45.8,45.71,45.76,7.35,RPLBUSD,336.31942819167
45.82,45.88,45.81,45.81,7.38,RPLBUSD,338.171784509592
45.88,46.06,45.88,46.03,73.04,RPLBUSD,3356.56883234948
46.03,46.04,45.97,45.97,11.26,RPLBUSD,517.906038518462
46.12,46.14,46.12,46.14,3.25,RPLBUSD,149.89873428529998
46.13,46.14,46.12,46.12,9.02,RPLBUSD,416.004094575674
46.09,46.1,46.09,46.1,0.33,RPLBUSD,15.208938696797999
46.15,46.15,46.15,46.15,0.31,RPLBUSD,14.30423213362
45.94,46.14,45.8,46.14,46.26,RPLBUSD,2127.8539391151235
46.21,46.27,46.18,46.2,32.0,RPLBUSD,1478.6455679424
46.18,46.18,46.08,46.08,103.07,RPLBUSD,4753.865397780267
46.07,46.07,46.07,46.07,0.57,RPLBUSD,26.255737280651996
46.05,46.05,45.98,45.98,13.15,RPLBUSD,605.0013299839298
46.05,46.08,46.05,46.08,5.62,RPLBUSD,258.84426150224397
46.1,46.27,46.09,46.27,9.49,RPLBUSD,438.20245013444907
46.31,46.33,46.31,46.32,9.09,RPLBUSD,420.9593339465909
46.32,46.55,46.32,46.55,12.89,RPLBUSD,598.4522683057821
46.51,46.51,46.05,46.22,174.19,RPLBUSD,8067.637190392086
46.26,46.26,46.24,46.24,10.9,RPLBUSD,504.045086105
46.38,46.51,46.38,46.51,7.04,RPLBUSD,326.920968271744
46.48,46.48,46.13,46.41,74.42,RPLBUSD,3450.6804114167
46.45,46.59,46.31,46.31,36.31,RPLBUSD,1685.0614917024022
46.38,46.55,46.38,46.55,20.84,RPLBUSD,968.1771002332881
46.43,46.81,46.43,46.61,72.72,RPLBUSD,3386.033560860192
46.57,46.58,46.53,46.53,2.58,RPLBUSD,120.086410884066
46.56,46.58,46.5,46.58,21.59,RPLBUSD,1004.9631179892258
46.48,46.75,46.46,46.69,32.56,RPLBUSD,1516.8927040451358
46.71,46.96,46.71,46.96,28.21,RPLBUSD,1321.0059109427182
46.96,46.97,45.93,46.6,594.81,RPLBUSD,27722.67285515686
46.61,46.8,46.6,46.69,43.43,RPLBUSD,2026.7739148609699
46.73,46.8,46.73,46.8,46.58,RPLBUSD,2177.968393712276
46.74,46.81,46.74,46.81,1.21,RPLBUSD,56.58877812467
46.77,47.01,46.5,46.5,145.69,RPLBUSD,6801.916139303934
51.09,51.28,51.02,51.03,534.29,RPLUSDT,27300.562078765863
51.06,51.11,50.95,51.11,222.98,RPLUSDT,11382.996631289998
51.09,51.25,50.8,50.86,549.73,RPLUSDT,28031.7856968204
50.8,50.87,50.5,50.82,1500.82,RPLUSDT,76150.78961296516
50.8,51.15,49.88,50.55,4422.98,RPLUSDT,223745.19938770015
50.58,50.67,48.01,48.29,10874.62,RPLUSDT,536985.1588667969
48.29,51.41,48.1,49.68,8442.75,RPLUSDT,416752.4934206799
49.68,50.39,49.24,49.47,4509.17,RPLUSDT,224047.68148063667
49.5,50.44,49.49,50.18,3242.35,RPLUSDT,161775.7221216889
50.24,50.3,49.81,50.19,865.81,RPLUSDT,43400.50341143283
50.19,50.19,49.7,49.75,736.49,RPLUSDT,36787.36671706677
49.72,49.72,49.29,49.57,1094.89,RPLUSDT,54270.56741569419
49.57,49.93,49.56,49.66,821.93,RPLUSDT,40827.00947636995
49.63,49.95,49.6,49.82,573.67,RPLUSDT,28535.558326122096
49.84,50.12,48.57,49.95,4724.28,RPLUSDT,234381.61353600892
50.0,50.07,49.42,49.67,945.51,RPLUSDT,47069.480263011494
49.67,49.8,49.43,49.48,517.41,RPLUSDT,25656.881176372444
49.47,49.84,49.28,49.84,608.16,RPLUSDT,30164.514763007854
49.81,50.03,49.7,49.93,442.97,RPLUSDT,22086.304798877587
49.94,50.07,49.82,49.97,657.04,RPLUSDT,32813.94550865903
49.93,50.02,49.91,49.98,219.51,RPLUSDT,10964.981155609008
49.98,50.6,49.74,49.75,2551.31,RPLUSDT,127589.91916435093
49.75,50.23,49.67,50.05,2083.75,RPLUSDT,104014.72772120374
50.06,50.07,49.67,49.72,787.31,RPLUSDT,39264.79755746574
49.72,49.91,49.62,49.9,552.05,RPLUSDT,27480.832422780273
49.9,50.11,49.76,50.06,927.02,RPLUSDT,46304.26033490644
50.06,50.13,49.67,49.81,1509.5,RPLUSDT,75338.52169409006
49.78,50.05,49.75,50.0,559.2,RPLUSDT,27896.86108846032
50.05,50.05,49.64,49.73,571.75,RPLUSDT,28507.223443479823
49.76,49.76,49.31,49.46,752.61,RPLUSDT,37302.84504048765
49.49,49.78,49.48,49.72,295.4,RPLUSDT,14654.686070854057
49.72,49.84,49.5,49.56,933.77,RPLUSDT,46358.999356301036
49.57,50.02,48.81,49.0,2332.71,RPLUSDT,115100.98979831298
48.98,49.27,48.96,49.15,497.24,RPLUSDT,24405.642204221167
49.12,49.41,49.12,49.19,218.11,RPLUSDT,10731.491674229788
49.2,49.35,48.9,49.25,646.07,RPLUSDT,31765.455991568535
49.25,49.36,49.2,49.29,228.48,RPLUSDT,11256.567326040959
49.3,49.55,49.22,49.47,592.75,RPLUSDT,29268.318400578948
49.48,49.91,49.07,49.88,1716.34,RPLUSDT,85091.22809995995
49.86,50.35,49.86,50.35,533.47,RPLUSDT,26725.277187385236
50.33,51.31,50.24,50.34,2324.17,RPLUSDT,117479.78850135724
50.38,50.7,50.35,50.52,845.35,RPLUSDT,42672.84255352003
50.5,50.5,50.07,50.08,353.94,RPLUSDT,17795.936290921465
50.08,50.38,50.07,50.28,345.34,RPLUSDT,17334.183099642396
50.31,50.63,50.28,50.62,419.83,RPLUSDT,21181.263613752264
50.6,50.64,50.22,50.36,581.09,RPLUSDT,29314.248318614005
50.36,51.03,50.36,50.88,700.49,RPLUSDT,35479.44708135882
50.94,51.11,50.81,51.06,587.98,RPLUSDT,29970.46872806219
51.06,51.97,50.77,50.97,2287.96,RPLUSDT,117107.8254242926
50.96,50.98,49.92,50.03,1606.17,RPLUSDT,81054.56451832269
49.99,50.74,49.88,50.18,2109.78,RPLUSDT,105888.89338136071
50.17,50.19,49.82,50.06,519.8,RPLUSDT,26017.063121278235
50.1,50.28,50.01,50.19,372.35,RPLUSDT,18668.53094528631
50.19,50.26,50.16,50.19,166.26,RPLUSDT,8344.928952132957
50.19,50.22,50.05,50.09,153.08,RPLUSDT,7673.831851311779
50.09,50.09,49.49,49.54,1776.76,RPLUSDT,88473.06292650905
49.59,49.69,49.53,49.69,161.7,RPLUSDT,8023.090478056499
49.64,49.78,49.45,49.48,901.06,RPLUSDT,44674.229868302864
49.47,49.64,49.25,49.31,541.05,RPLUSDT,26733.09997212079
49.25,50.49,49.24,49.86,3775.3,RPLUSDT,187640.41352576125
49.87,49.96,49.33,49.42,1249.02,RPLUSDT,61997.76845558088
49.48,49.48,49.24,49.36,247.47,RPLUSDT,12220.605782436083
49.4,49.42,48.5,48.63,613.14,RPLUSDT,30031.434412249706
48.57,48.86,48.42,48.81,425.55,RPLUSDT,20706.10789737831
48.84,49.08,48.66,49.01,568.87,RPLUSDT,27811.911381822814
49.02,49.66,49.01,49.53,1544.23,RPLUSDT,76126.19071300102
49.53,49.71,49.37,49.67,1297.93,RPLUSDT,64328.19117840136
49.67,49.94,49.64,49.88,276.29,RPLUSDT,13752.22657641425
49.88,49.88,49.46,49.53,538.36,RPLUSDT,26745.5221276485
49.52,49.94,49.49,49.72,487.58,RPLUSDT,24213.040790237883
49.72,49.99,49.63,49.68,1104.32,RPLUSDT,54936.73164859756
49.69,49.79,48.28,49.16,2569.91,RPLUSDT,126496.61387758254
49.19,49.67,49.19,49.37,703.62,RPLUSDT,34721.66014978835
49.32,49.4,49.15,49.4,332.23,RPLUSDT,16382.155713950478
49.37,49.44,49.28,49.32,280.28,RPLUSDT,13830.325969135674
49.38,49.53,49.31,49.47,292.36,RPLUSDT,14446.871618823909
49.46,49.57,48.9,49.2,3593.56,RPLUSDT,177071.54686812664
49.25,49.41,49.22,49.27,393.46,RPLUSDT,19389.585625576427
49.29,49.45,49.0,49.12,758.19,RPLUSDT,37308.40578385886
49.12,49.22,49.1,49.14,295.51,RPLUSDT,14520.536789569644
49.13,49.17,48.7,49.09,2276.1,RPLUSDT,111562.42457060612
49.07,49.33,48.95,49.32,374.79,RPLUSDT,18424.566199709243
49.33,49.79,49.33,49.63,1135.28,RPLUSDT,56210.15375372108
49.62,49.77,49.49,49.59,299.94,RPLUSDT,14879.913812091965
49.59,50.0,49.41,49.72,1052.19,RPLUSDT,52264.512915870815
49.77,49.82,49.42,49.71,465.13,RPLUSDT,23103.99537399043
49.75,49.81,49.7,49.73,164.89,RPLUSDT,8201.564956796605
49.73,49.77,49.6,49.64,103.81,RPLUSDT,5156.982235567778
49.63,49.63,49.29,49.5,317.41,RPLUSDT,15713.271362308687
49.51,49.79,49.31,49.52,510.26,RPLUSDT,25270.446943639105
49.53,49.64,49.48,49.57,203.77,RPLUSDT,10096.221643201077
49.57,49.57,49.27,49.43,264.78,RPLUSDT,13093.94281909982
49.39,49.44,49.1,49.15,414.58,RPLUSDT,20423.118613951767
49.14,49.17,48.86,48.87,423.24,RPLUSDT,20739.704220844753
48.89,49.03,48.37,48.75,3135.86,RPLUSDT,152880.29517333372
48.76,48.79,48.58,48.64,321.05,RPLUSDT,15630.249025096144
48.68,48.99,48.65,48.9,510.6,RPLUSDT,24915.88270807284
48.95,51.4,48.88,49.54,6145.64,RPLUSDT,305343.80492596724
49.57,49.62,49.36,49.53,369.86,RPLUSDT,18312.563832139458
49.58,49.61,49.34,49.43,743.34,RPLUSDT,36782.06498263097
49.44,49.44,49.36,49.37,110.27,RPLUSDT,5446.750119280239
49.37,49.55,49.34,49.51,208.0,RPLUSDT,10282.409773979198
49.47,49.66,49.47,49.52,708.68,RPLUSDT,35095.356202098184
49.58,49.59,49.53,49.59,31.92,RPLUSDT,1582.103365212216
49.53,49.67,49.48,49.66,319.85,RPLUSDT,15857.24816048813
49.65,49.68,49.56,49.56,177.16,RPLUSDT,8787.957212158739
49.61,49.67,49.52,49.58,212.33,RPLUSDT,10528.837054133397
49.52,49.77,49.52,49.67,383.57,RPLUSDT,19029.726329516234
49.68,49.84,49.67,49.82,514.67,RPLUSDT,25602.060092988373
49.77,49.77,49.59,49.65,304.02,RPLUSDT,15105.87893642137
49.59,49.67,49.58,49.63,214.93,RPLUSDT,10662.598771864128
49.68,49.68,49.53,49.59,98.34,RPLUSDT,4878.857280925584
49.58,49.58,49.4,49.49,102.12,RPLUSDT,5055.41498856042
49.49,49.49,49.37,49.41,68.63,RPLUSDT,3392.5293309874555
49.41,49.41,49.24,49.24,181.59,RPLUSDT,8955.50689797159
49.36,49.44,49.35,49.44,40.55,RPLUSDT,2002.7510985615647
49.43,49.54,49.39,49.53,62.19,RPLUSDT,3076.2070573442666
49.53,49.99,49.46,49.74,886.69,RPLUSDT,44043.77627365162
49.72,50.15,49.66,49.81,836.39,RPLUSDT,41674.888299309554
49.86,49.86,49.71,49.76,289.08,RPLUSDT,14393.179331474723
49.76,49.99,49.73,49.73,275.76,RPLUSDT,13731.36035965135
49.73,49.86,49.72,49.8,36.57,RPLUSDT,1820.074611029499
49.84,49.88,49.77,49.77,40.36,RPLUSDT,2010.2146902454322
49.77,49.78,49.68,49.68,160.91,RPLUSDT,8000.383603120998
49.68,49.81,49.67,49.74,61.49,RPLUSDT,3057.1055607935705
49.68,49.72,49.57,49.63,64.72,RPLUSDT,3212.8386200750397
49.62,49.63,49.57,49.63,56.77,RPLUSDT,2816.0551531624046
49.58,49.63,49.47,49.47,83.13,RPLUSDT,4117.399581337515
49.47,49.5,49.24,49.29,117.49,RPLUSDT,5800.14916458175
49.23,49.39,49.14,49.33,260.25,RPLUSDT,12821.135396388823
49.37,49.45,49.26,49.45,392.17,RPLUSDT,19363.265073571834
49.46,49.63,49.42,49.49,167.58,RPLUSDT,8293.8950433108
49.49,49.6,49.42,49.42,339.15,RPLUSDT,16779.329593965012
49.46,49.52,49.42,49.43,250.36,RPLUSDT,12380.216876873956
49.43,49.5,49.42,49.42,94.4,RPLUSDT,4666.632128190561
49.42,50.1,49.42,49.61,1558.76,RPLUSDT,77360.68434004526
49.55,49.86,49.22,49.59,1113.72,RPLUSDT,55181.645818648
49.64,49.72,49.6,49.62,136.98,RPLUSDT,6799.294105014707
49.61,49.61,49.3,49.45,218.83,RPLUSDT,10828.726933052787
49.4,49.49,49.4,49.4,60.08,RPLUSDT,2968.8331059616235
49.46,49.48,49.25,49.32,141.14,RPLUSDT,6968.035601871717
49.36,49.39,49.04,49.1,339.24,RPLUSDT,16695.593894852533
49.05,49.1,48.85,48.91,518.68,RPLUSDT,25399.622713449553
48.9,49.02,48.9,48.93,113.13,RPLUSDT,5535.421760823075
48.97,49.02,48.92,48.96,31.23,RPLUSDT,1529.0126074934374
49.02,49.04,48.97,48.99,32.88,RPLUSDT,1611.0289791969121
48.99,49.17,48.96,49.03,137.69,RPLUSDT,6750.903052180595
49.03,49.31,49.01,49.12,209.25,RPLUSDT,10276.207632298574
49.15,49.42,49.09,49.31,175.92,RPLUSDT,8661.367382360088
49.34,49.42,49.3,49.31,178.65,RPLUSDT,8813.640265235685
49.31,49.42,49.3,49.3,99.3,RPLUSDT,4897.94070534153
49.3,49.51,49.3,49.41,161.06,RPLUSDT,7951.882067803344
49.37,49.45,49.33,49.45,86.66,RPLUSDT,4280.325375245919
49.44,49.58,49.22,49.27,507.23,RPLUSDT,25041.779072817004
49.24,49.64,49.21,49.59,675.81,RPLUSDT,33393.2358649927
49.6,49.65,49.42,49.58,315.91,RPLUSDT,15654.807381488275
49.64,49.74,49.59,49.61,111.97,RPLUSDT,5557.869476846961
49.65,49.73,49.57,49.73,184.93,RPLUSDT,9184.017018804187
49.74,49.94,49.74,49.94,157.92,RPLUSDT,7869.485131436543
49.91,50.0,49.9,49.98,142.38,RPLUSDT,7110.397731049073
49.98,49.99,46.75,47.5,11763.31,RPLUSDT,571076.9755751973
47.48,47.58,47.26,47.57,1233.86,RPLUSDT,58565.13363312389
47.57,47.7,47.56,47.68,450.11,RPLUSDT,21434.215734424757
47.69,47.7,47.52,47.55,181.08,RPLUSDT,8620.757420871816
47.56,47.57,47.28,47.49,1137.24,RPLUSDT,53981.91043085412
47.46,47.65,47.43,47.48,328.94,RPLUSDT,15623.817619764153
47.46,48.56,47.43,48.53,2752.63,RPLUSDT,132091.53438016973
48.54,48.8,48.52,48.68,542.32,RPLUSDT,26371.55211877314
48.65,49.03,48.52,49.03,545.33,RPLUSDT,26611.97477593109
49.01,49.03,48.82,48.85,567.89,RPLUSDT,27781.0334273722
48.85,49.01,48.79,48.88,346.1,RPLUSDT,16915.55137166521
48.88,49.03,48.77,48.81,200.53,RPLUSDT,9798.848865207588
48.81,48.81,48.44,48.54,318.13,RPLUSDT,15474.571082076258
48.49,48.58,48.48,48.58,110.48,RPLUSDT,5361.0206362724875
48.58,48.58,48.48,48.55,444.42,RPLUSDT,21572.059804918325
48.56,48.56,48.45,48.55,205.98,RPLUSDT,9994.624800885911
48.55,48.68,48.53,48.66,138.53,RPLUSDT,6732.183295106962
48.65,48.93,48.6,48.83,397.57,RPLUSDT,19379.458906118507
48.78,48.9,48.54,48.64,865.6,RPLUSDT,42161.01957556192
48.63,48.86,48.62,48.86,105.94,RPLUSDT,5162.961887523066
48.81,48.99,48.81,48.94,258.79,RPLUSDT,12649.590593982266
48.94,49.0,48.69,48.69,261.14,RPLUSDT,12749.444837577974
48.69,48.86,48.61,48.62,449.81,RPLUSDT,21900.025807504964
48.64,48.8,48.61,48.7,255.17,RPLUSDT,12421.619987612274
48.69,48.97,48.66,48.94,486.76,RPLUSDT,23757.42277625631
48.9,48.96,48.71,48.76,312.0,RPLUSDT,15233.324830495198
48.8,48.81,48.59,48.77,334.48,RPLUSDT,16300.806986395271
48.68,48.69,48.62,48.69,54.39,RPLUSDT,2646.741671990724
48.69,48.71,48.61,48.68,49.06,RPLUSDT,2387.4943243958182
48.67,48.68,48.4,48.55,273.19,RPLUSDT,13268.10065722229
48.56,48.56,48.34,48.37,103.84,RPLUSDT,5031.029154815665
48.37,48.46,48.37,48.46,35.98,RPLUSDT,1741.6955626461158
48.47,48.47,47.57,47.72,895.09,RPLUSDT,43008.96881233776
47.72,47.75,47.45,47.65,385.21,RPLUSDT,18349.45820771579
47.61,47.75,47.59,47.74,96.77,RPLUSDT,4612.536529784381
47.73,47.73,46.97,47.26,1582.33,RPLUSDT,75026.14939419774
47.28,47.57,47.28,47.43,806.18,RPLUSDT,38198.81396397589
47.44,47.49,47.09,47.4,597.47,RPLUSDT,28288.70681322794
47.4,47.64,47.16,47.23,735.93,RPLUSDT,34846.28026687535
47.25,47.27,47.05,47.13,140.39,RPLUSDT,6621.848388169409
47.09,47.15,46.91,46.97,151.65,RPLUSDT,7130.96891958726
46.99,47.0,46.83,46.92,123.62,RPLUSDT,5801.184950362956
46.93,46.93,46.0,46.38,1268.91,RPLUSDT,59071.08416712941
46.4,46.45,46.0,46.1,1051.9,RPLUSDT,48629.51627689485
46.08,46.08,45.74,45.97,1659.88,RPLUSDT,76288.43873936617
45.97,46.29,45.74,45.8,665.18,RPLUSDT,30560.17583287108
45.73,46.05,45.69,45.91,404.85,RPLUSDT,18557.40606359541
45.93,45.93,45.82,45.84,135.15,RPLUSDT,6199.699067889361
45.86,46.11,45.86,46.0,237.22,RPLUSDT,10900.30995891246
46.01,46.29,46.0,46.25,198.05,RPLUSDT,9136.083393447176
46.26,46.29,46.1,46.1,148.23,RPLUSDT,6845.287837932224
46.15,46.18,46.11,46.17,71.85,RPLUSDT,3315.531463624545
46.16,46.23,46.11,46.22,46.88,RPLUSDT,2164.575217135232
46.16,46.42,45.7,45.84,1721.64,RPLUSDT,79234.52695142002
45.89,45.97,45.54,45.7,601.16,RPLUSDT,27513.73683094652
45.71,45.8,45.7,45.76,48.82,RPLUSDT,2232.7948512442977
45.77,45.9,45.77,45.9,75.81,RPLUSDT,3474.2005324159977
45.87,46.04,45.83,45.99,362.32,RPLUSDT,16639.62526840583
45.96,46.03,45.95,45.95,40.21,RPLUSDT,1848.2611921842529
46.0,46.1,46.0,46.1,44.6,RPLUSDT,2053.5044268683996
46.11,46.19,45.98,46.02,145.67,RPLUSDT,6710.68130414297
46.0,46.15,46.0,46.13,68.9,RPLUSDT,3173.71982217004
46.13,46.19,46.13,46.13,117.65,RPLUSDT,5428.09865137969
46.18,46.19,46.06,46.06,77.82,RPLUSDT,3588.683981622366
46.08,46.19,45.95,46.19,222.07,RPLUSDT,10236.359250065618
46.14,46.25,46.14,46.14,806.79,RPLUSDT,37241.57285489444
46.14,46.22,46.06,46.12,93.58,RPLUSDT,4316.628919495684
46.12,46.14,46.04,46.12,147.71,RPLUSDT,6809.090001922933
46.09,46.21,45.99,46.04,309.15,RPLUSDT,14244.146534899215
46.03,46.1,45.99,46.05,56.98,RPLUSDT,2623.085772518442
46.1,46.3,46.07,46.21,141.18,RPLUSDT,6517.247322159289
46.24,46.39,46.24,46.35,93.03,RPLUSDT,4307.071284812141
46.3,46.56,46.29,46.52,123.2,RPLUSDT,5717.72948182128
46.53,46.56,46.46,46.56,47.15,RPLUSDT,2193.423868322005
46.51,46.51,46.22,46.29,231.15,RPLUSDT,10719.615332166015
46.26,46.35,46.25,46.35,84.2,RPLUSDT,3898.05248275234
46.36,46.52,46.34,46.52,157.39,RPLUSDT,7307.246121694881
46.49,46.5,46.14,46.37,547.41,RPLUSDT,25382.114539285347
46.42,46.61,46.3,46.35,314.92,RPLUSDT,14616.26906168387
46.38,46.51,46.34,46.41,117.89,RPLUSDT,5470.407593502852
46.42,46.61,46.39,46.53,293.57,RPLUSDT,13645.171999396354
46.53,46.55,46.48,46.55,11.59,RPLUSDT,539.168242499513
46.5,46.56,46.44,46.44,210.67,RPLUSDT,9791.442564440524
46.49,46.75,46.45,46.75,370.76,RPLUSDT,17278.384196286926
46.75,47.01,46.65,46.98,504.85,RPLUSDT,23647.21122476135
46.97,46.99,45.43,46.57,4117.28,RPLUSDT,191382.00451472183
46.61,46.74,46.58,46.72,153.59,RPLUSDT,7165.757279062195
46.71,46.76,46.66,46.76,38.21,RPLUSDT,1784.9837245187528
46.77,46.8,46.72,46.79,33.45,RPLUSDT,1564.2085023556199
46.8,47.02,46.5,46.57,752.83,RPLUSDT,35168.52387671951
