open,high,low,close,volume,name,avg
5.619,5.627,5.615,5.615,238.4,BALBUSD,1339.36136390568
5.615,5.615,5.596,5.596,269.68,BALBUSD,1511.4562475967423
5.619,5.619,5.61,5.61,210.73,BALBUSD,1182.9596653297117
5.6,5.602,5.58,5.58,489.29,BALBUSD,2734.95053084044
5.602,5.602,5.6,5.6,372.88,BALBUSD,2088.1762225382045
5.615,5.618,5.615,5.618,14.28,BALBUSD,80.191152347271
5.613,5.633,5.613,5.633,53.5,BALBUSD,300.78373589877503
5.631,5.638,5.565,5.565,129.65,BALBUSD,725.8947296205233
5.565,5.587,5.554,5.569,145.51,BALBUSD,810.182849995097
5.559,5.559,5.532,5.532,214.91,BALBUSD,1191.5981422696927
5.523,5.523,5.484,5.484,397.93,BALBUSD,2189.667318294486
5.476,5.476,5.461,5.475,98.14,BALBUSD,536.938599917664
5.501,5.501,5.501,5.501,2.26,BALBUSD,12.430327405183
5.48,5.496,5.466,5.496,32.0,BALBUSD,175.47671790320004
5.48,5.48,5.464,5.478,62.11,BALBUSD,340.03043905023776
5.488,5.488,5.472,5.472,10.1,BALBUSD,55.3393961534
5.467,5.467,5.441,5.441,147.38,BALBUSD,803.6855676546659
5.437,5.455,5.432,5.453,26.73,BALBUSD,145.50218066945138
5.453,5.501,5.452,5.501,373.63,BALBUSD,2045.9600085689665
5.506,5.507,5.494,5.503,97.52,BALBUSD,536.52038493929
5.499,5.503,5.491,5.503,38.17,BALBUSD,209.8642015377765
5.505,5.517,5.474,5.517,135.24,BALBUSD,744.1438348560617
5.518,5.557,5.511,5.552,144.52,BALBUSD,799.721603948627
5.557,5.56,5.536,5.536,82.41,BALBUSD,457.07780870776986
5.537,5.552,5.537,5.552,71.61,BALBUSD,396.9799248762847
5.547,5.562,5.544,5.562,170.82,BALBUSD,948.5441008946663
5.557,5.557,5.504,5.504,290.57,BALBUSD,1606.7475772565017
5.504,5.508,5.492,5.503,75.15,BALBUSD,413.3922406851319
5.5,5.511,5.456,5.456,82.19,BALBUSD,450.39281805113336
5.447,5.467,5.419,5.457,506.55,BALBUSD,2759.002171431619
5.459,5.489,5.459,5.487,177.07,BALBUSD,969.0419840033346
5.49,5.49,5.47,5.47,81.1,BALBUSD,444.3589136674
5.469,5.469,5.419,5.424,155.78,BALBUSD,848.1291828205548
5.429,5.451,5.429,5.43,69.12,BALBUSD,375.591525219936
5.425,5.463,5.425,5.433,183.19,BALBUSD,995.7576204119792
5.42,5.437,5.375,5.417,224.82,BALBUSD,1216.5928962311048
5.424,5.443,5.413,5.432,223.23,BALBUSD,1211.504082410202
5.434,5.463,5.429,5.463,203.76,BALBUSD,1109.759121123453
5.466,5.503,5.455,5.503,144.08,BALBUSD,789.6877639515571
5.513,5.556,5.513,5.55,231.8,BALBUSD,1282.3500276957702
5.554,5.617,5.554,5.605,226.87,BALBUSD,1266.3048972990764
5.614,5.632,5.59,5.59,244.38,BALBUSD,1369.9034853947385
5.573,5.585,5.57,5.571,91.22,BALBUSD,508.44964421436225
5.56,5.56,5.559,5.559,10.8,BALBUSD,60.03326637783
5.561,5.566,5.56,5.565,54.0,BALBUSD,300.3553025091
5.564,5.6,5.561,5.567,611.77,BALBUSD,3408.8642196700557
5.567,5.582,5.547,5.557,235.74,BALBUSD,1311.2766853477253
5.56,5.597,5.56,5.577,393.92,BALBUSD,2195.1718274854957
5.574,5.577,5.561,5.567,169.04,BALBUSD,941.3641821865571
5.572,5.572,5.549,5.557,161.85,BALBUSD,900.1506748223438
5.551,5.567,5.536,5.536,115.77,BALBUSD,642.1342397130412
5.539,5.54,5.51,5.51,174.91,BALBUSD,966.1838058762023
5.514,5.545,5.507,5.542,84.26,BALBUSD,465.6326261546411
5.549,5.557,5.543,5.551,77.68,BALBUSD,431.0569817742001
5.551,5.555,5.538,5.538,72.16,BALBUSD,400.10107461812396
5.544,5.573,5.544,5.562,113.79,BALBUSD,632.090518752206
5.553,5.553,5.536,5.544,203.71,BALBUSD,1129.7018755402935
5.544,5.548,5.525,5.525,99.52,BALBUSD,550.8073236893679
5.525,5.54,5.514,5.54,77.78,BALBUSD,430.03709534019526
5.532,5.592,5.516,5.56,1269.86,BALBUSD,7046.627431459649
5.572,5.573,5.539,5.55,100.95,BALBUSD,561.0433472521163
5.537,5.564,5.525,5.525,1000.36,BALBUSD,5538.882436858934
5.545,5.548,5.391,5.402,2582.97,BALBUSD,14130.523423620818
5.391,5.418,5.384,5.413,499.96,BALBUSD,2700.114141999027
5.411,5.471,5.41,5.467,224.06,BALBUSD,1218.6409178166518
5.461,5.477,5.454,5.475,185.47,BALBUSD,1013.7605089278572
5.474,5.541,5.474,5.53,220.57,BALBUSD,1213.9939627981194
5.532,5.557,5.531,5.531,437.76,BALBUSD,2423.828597264352
5.53,5.53,5.495,5.495,34.63,BALBUSD,190.86819992533128
5.501,5.503,5.479,5.49,381.24,BALBUSD,2093.9210793613665
5.49,5.49,5.451,5.451,216.15,BALBUSD,1182.2647633690165
5.441,5.454,5.44,5.453,217.03,BALBUSD,1181.9786428533655
5.452,5.491,5.449,5.476,1405.26,BALBUSD,7681.362166604511
5.48,5.493,5.472,5.493,54.99,BALBUSD,301.5457724217803
5.494,5.494,5.482,5.482,52.7,BALBUSD,289.17264112408003
5.484,5.488,5.472,5.475,127.61,BALBUSD,699.1621958389838
5.473,5.481,5.464,5.464,118.95,BALBUSD,650.6148212016863
5.463,5.491,5.463,5.491,539.78,BALBUSD,2955.915491496923
5.491,5.491,5.483,5.485,36.56,BALBUSD,200.59181315465003
5.487,5.503,5.487,5.496,160.82,BALBUSD,883.2871366669158
5.497,5.501,5.481,5.488,104.96,BALBUSD,576.324476431264
5.488,5.522,5.488,5.522,85.21,BALBUSD,469.00813135077755
5.526,5.536,5.525,5.529,227.56,BALBUSD,1257.983656037142
5.51,5.531,5.499,5.531,179.11,BALBUSD,988.1305737207214
5.536,5.576,5.493,5.558,667.06,BALBUSD,3695.4381498265616
5.567,5.567,5.512,5.52,2156.2,BALBUSD,11946.724892881466
5.519,5.534,5.51,5.525,1292.77,BALBUSD,7137.566232825127
5.531,5.545,5.522,5.526,63.43,BALBUSD,350.7767932697515
5.535,5.535,5.475,5.488,147.77,BALBUSD,813.8275733347665
5.49,5.496,5.474,5.481,132.63,BALBUSD,727.3956162714192
5.48,5.486,5.462,5.467,112.36,BALBUSD,614.9349435010025
5.469,5.472,5.462,5.467,41.25,BALBUSD,225.49931568140624
5.477,5.477,5.465,5.474,67.57,BALBUSD,369.7700128147364
5.464,5.467,5.415,5.428,307.43,BALBUSD,1673.2350601703831
5.428,5.435,5.406,5.417,103.1,BALBUSD,558.8697601887575
5.425,5.427,5.406,5.41,79.69,BALBUSD,431.6136252305215
5.422,5.432,5.415,5.432,125.37,BALBUSD,680.057861069546
5.43,5.451,5.43,5.451,28.65,BALBUSD,155.84609495797878
5.446,5.446,5.425,5.427,32.31,BALBUSD,175.60985720347804
5.424,5.424,5.381,5.387,447.8,BALBUSD,2419.53502480396
5.403,5.423,5.403,5.413,299.84,BALBUSD,1622.0321359024558
5.413,5.423,5.412,5.423,50.12,BALBUSD,271.4954194754165
5.423,5.424,5.38,5.384,312.14,BALBUSD,1686.152231883852
5.379,5.387,5.372,5.377,167.88,BALBUSD,902.8441810517024
5.377,5.381,5.361,5.374,198.17,BALBUSD,1064.6514267047337
5.365,5.366,5.349,5.357,228.07,BALBUSD,1222.094143429271
5.355,5.355,5.339,5.354,258.05,BALBUSD,1380.5463981967207
5.348,5.36,5.345,5.351,107.45,BALBUSD,574.8755716985225
5.353,5.358,5.353,5.358,18.7,BALBUSD,100.13228201671751
5.355,5.369,5.352,5.352,158.08,BALBUSD,846.7029195676482
5.347,5.37,5.34,5.37,89.17,BALBUSD,477.58714503575874
5.374,5.377,5.359,5.368,85.35,BALBUSD,458.2155843130538
5.353,5.353,5.313,5.323,891.3,BALBUSD,4754.791902682732
5.331,5.354,5.329,5.34,143.5,BALBUSD,765.9556636801125
5.333,5.342,5.33,5.342,24.38,BALBUSD,130.08973940594078
5.342,5.351,5.342,5.345,83.91,BALBUSD,448.4292308382225
5.338,5.346,5.338,5.346,25.26,BALBUSD,134.91794374488603
5.352,5.369,5.336,5.366,74.35,BALBUSD,398.1381123080569
5.374,5.387,5.369,5.371,132.47,BALBUSD,711.948677871322
5.378,5.382,5.353,5.353,65.29,BALBUSD,350.3243186178718
5.352,5.353,5.352,5.353,14.03,BALBUSD,75.08390139286627
5.353,5.353,5.351,5.351,9.34,BALBUSD,49.97990941514399
5.351,5.351,5.341,5.35,30.68,BALBUSD,164.05880309401053
5.369,5.374,5.356,5.356,22.8,BALBUSD,122.274489475425
5.364,5.367,5.353,5.362,67.62,BALBUSD,362.4882724372665
5.369,5.378,5.353,5.353,63.72,BALBUSD,341.69316553921954
5.35,5.369,5.35,5.366,100.96,BALBUSD,540.9352985342699
5.372,5.386,5.355,5.361,117.87,BALBUSD,632.6867285569823
5.36,5.36,5.337,5.353,287.96,BALBUSD,1541.0663039978451
5.346,5.38,5.346,5.38,447.79,BALBUSD,2401.1244571716534
5.38,5.398,5.371,5.385,233.23,BALBUSD,1255.3985229585576
5.385,5.423,5.383,5.396,165.68,BALBUSD,893.9945469412071
5.384,5.394,5.29,5.291,1967.85,BALBUSD,10506.193595787023
5.291,5.31,5.273,5.294,399.75,BALBUSD,2115.14814910035
5.286,5.312,5.279,5.294,65.41,BALBUSD,346.1449609000376
5.294,5.309,5.294,5.305,47.79,BALBUSD,253.27151782137224
5.316,5.32,5.316,5.32,253.55,BALBUSD,1348.169294499995
5.32,5.328,5.306,5.306,33.76,BALBUSD,179.40650692252
5.294,5.319,5.279,5.319,93.99,BALBUSD,498.3279953692998
5.325,5.374,5.325,5.372,151.38,BALBUSD,809.6057472196711
5.371,5.391,5.352,5.352,258.48,BALBUSD,1386.9172901875863
5.346,5.377,5.249,5.28,336.74,BALBUSD,1788.821504464071
5.274,5.278,5.227,5.233,248.01,BALBUSD,1302.5940102794116
5.24,5.284,5.24,5.28,80.67,BALBUSD,424.33889626295854
5.277,5.277,5.246,5.25,84.64,BALBUSD,445.3487597719
5.252,5.265,5.25,5.265,95.29,BALBUSD,500.95693413723103
5.272,5.28,5.272,5.274,46.95,BALBUSD,247.59927970787626
5.275,5.322,5.275,5.315,132.59,BALBUSD,702.1869105739754
5.311,5.323,5.301,5.301,83.04,BALBUSD,440.79082841248805
5.297,5.313,5.297,5.3,134.45,BALBUSD,712.7094795863081
5.295,5.331,5.295,5.323,120.79,BALBUSD,641.4159663859896
5.329,5.34,5.324,5.338,185.34,BALBUSD,988.2182425904768
5.341,5.345,5.332,5.336,61.95,BALBUSD,330.66866456434127
5.351,5.364,5.342,5.345,257.48,BALBUSD,1377.4325848142669
5.343,5.407,5.335,5.399,496.14,BALBUSD,2664.3537018237275
5.403,5.41,5.357,5.383,238.24,BALBUSD,1283.497129351094
5.392,5.395,5.373,5.382,205.2,BALBUSD,1104.9328114899301
5.391,5.413,5.387,5.393,236.65,BALBUSD,1276.7648960394702
5.394,5.415,5.385,5.409,149.21,BALBUSD,805.7206387536793
5.415,5.415,5.403,5.409,111.12,BALBUSD,601.121301165558
5.398,5.398,5.365,5.365,103.77,BALBUSD,558.3514457732603
5.373,5.393,5.373,5.393,128.77,BALBUSD,693.0611568929406
5.393,5.4,5.388,5.395,52.14,BALBUSD,281.199440750778
5.398,5.399,5.372,5.378,135.86,BALBUSD,731.7300898727403
5.387,5.396,5.38,5.396,103.52,BALBUSD,557.860187151286
5.397,5.402,5.38,5.38,279.7,BALBUSD,1507.2787320924913
5.391,5.46,5.39,5.452,265.03,BALBUSD,1437.100515492361
5.455,5.471,5.449,5.471,126.89,BALBUSD,692.9020066366943
5.471,5.54,5.469,5.536,411.73,BALBUSD,2265.809645129536
5.541,5.544,5.472,5.474,133.09,BALBUSD,732.9124985387363
5.481,5.481,5.463,5.465,85.87,BALBUSD,469.8505253802663
5.465,5.474,5.441,5.443,123.63,BALBUSD,674.3895223497949
5.431,5.435,5.418,5.435,43.91,BALBUSD,238.38326006086734
5.435,5.44,5.418,5.44,111.28,BALBUSD,604.518073055273
5.432,5.434,5.429,5.429,30.18,BALBUSD,163.88210056668905
5.428,5.429,5.428,5.428,31.97,BALBUSD,173.5141755278439
5.441,5.442,5.435,5.436,52.56,BALBUSD,285.803124996798
5.441,5.443,5.429,5.433,82.92,BALBUSD,450.7245039825391
5.441,5.455,5.438,5.451,217.51,BALBUSD,1184.4296892789607
5.453,5.47,5.452,5.469,82.23,BALBUSD,448.98822392923654
5.472,5.487,5.467,5.484,150.78,BALBUSD,825.7690642413974
5.488,5.492,5.464,5.464,117.96,BALBUSD,645.966488897286
5.466,5.475,5.465,5.465,77.87,BALBUSD,425.70750597950087
5.45,5.45,5.441,5.443,31.9,BALBUSD,173.70039407567
5.431,5.449,5.431,5.448,39.08,BALBUSD,212.5523835949065
5.446,5.471,5.446,5.47,58.09,BALBUSD,317.0204540085284
5.475,5.475,5.472,5.472,18.32,BALBUSD,100.25893232586601
5.473,5.475,5.466,5.475,993.84,BALBUSD,5437.695518810878
5.478,5.485,5.478,5.481,100.48,BALBUSD,550.5950366945121
5.462,5.483,5.462,5.483,254.79,BALBUSD,1394.1215251151514
5.473,5.473,5.455,5.455,53.9,BALBUSD,294.46381848268004
5.46,5.481,5.46,5.481,63.95,BALBUSD,349.78409260906125
5.476,5.476,5.341,5.373,142.02,BALBUSD,769.1317498807516
5.381,5.421,5.375,5.421,172.5,BALBUSD,931.2689617325625
5.425,5.427,5.423,5.423,34.48,BALBUSD,187.007685135658
5.418,5.418,5.367,5.367,62.89,BALBUSD,339.08160656917875
5.39,5.403,5.389,5.389,83.58,BALBUSD,450.6559796363047
5.362,5.4,5.362,5.398,82.91,BALBUSD,446.0279091817103
5.4,5.425,5.399,5.415,105.78,BALBUSD,572.1543997704653
5.417,5.419,5.406,5.406,27.76,BALBUSD,150.213765639696
5.402,5.407,5.39,5.403,88.24,BALBUSD,476.46604183834603
5.4,5.421,5.399,5.415,1741.65,BALBUSD,9418.685075269943
5.416,5.429,5.265,5.33,291.28,BALBUSD,1561.01810200864
5.32,5.32,5.277,5.284,194.58,BALBUSD,1031.162325894835
5.281,5.299,5.26,5.285,121.12,BALBUSD,639.5655640757501
5.276,5.279,5.267,5.27,86.6,BALBUSD,456.57081503218996
5.27,5.299,5.26,5.294,124.06,BALBUSD,655.0280050655947
5.273,5.282,5.27,5.273,21.62,BALBUSD,114.01696330743951
5.274,5.306,5.273,5.302,70.25,BALBUSD,371.47693243282816
5.315,5.32,5.315,5.317,21.72,BALBUSD,115.46185866353552
5.323,5.329,5.314,5.316,46.67,BALBUSD,248.26913556259427
5.294,5.294,5.294,5.294,2.26,BALBUSD,11.962580127802
5.302,5.302,5.298,5.298,23.65,BALBUSD,125.32551511975
5.292,5.296,5.249,5.249,235.12,BALBUSD,1239.242409816814
5.25,5.25,5.16,5.205,733.31,BALBUSD,3824.5336713077086
5.216,5.219,5.201,5.201,65.69,BALBUSD,342.1424381889279
5.206,5.208,5.2,5.2,43.51,BALBUSD,226.36909045389675
5.219,5.244,5.219,5.233,281.02,BALBUSD,1469.1549093621288
5.232,5.234,5.226,5.233,33.53,BALBUSD,175.3765459773469
5.243,5.249,5.237,5.244,29.53,BALBUSD,154.80910368333488
5.244,5.244,5.235,5.237,24.06,BALBUSD,126.05480173452
5.24,5.26,5.24,5.26,105.12,BALBUSD,551.7942102540001
5.262,5.262,5.252,5.254,344.68,BALBUSD,1811.8734004897053
5.252,5.252,5.237,5.237,35.58,BALBUSD,186.5703031372605
5.227,5.228,5.216,5.224,48.8,BALBUSD,254.87937284145
5.236,5.253,5.206,5.209,349.55,BALBUSD,1826.4643319767652
5.194,5.202,5.164,5.178,261.06,BALBUSD,1353.2551737771437
5.178,5.178,5.16,5.178,66.25,BALBUSD,342.6910953869063
5.172,5.173,5.13,5.147,295.98,BALBUSD,1525.6876849758496
5.164,5.168,5.139,5.139,176.03,BALBUSD,906.8535826933162
5.138,5.175,5.138,5.167,87.76,BALBUSD,452.28860080588606
5.168,5.175,5.168,5.175,883.95,BALBUSD,4570.636809042784
5.175,5.198,5.175,5.187,118.16,BALBUSD,612.4166850251452
5.186,5.186,5.162,5.162,34.69,BALBUSD,179.458158891973
5.162,5.162,5.12,5.141,264.59,BALBUSD,1361.434619584608
5.147,5.152,5.141,5.152,38.98,BALBUSD,200.63784599773197
5.154,5.165,5.154,5.154,34.08,BALBUSD,175.714720899882
5.148,5.16,5.118,5.16,363.79,BALBUSD,1871.9541944782193
5.166,5.18,5.14,5.14,145.19,BALBUSD,748.5558539010693
5.157,5.177,5.156,5.177,97.73,BALBUSD,504.8679835700726
5.174,5.203,5.174,5.199,166.94,BALBUSD,865.8666301056876
5.198,5.205,5.183,5.183,57.36,BALBUSD,297.781162721343
5.188,5.188,5.15,5.157,58.15,BALBUSD,300.63237193196187
5.184,5.208,5.184,5.208,51.8,BALBUSD,269.11096019724
5.21,5.227,5.205,5.224,263.2,BALBUSD,1372.7693698237401
5.217,5.217,5.203,5.213,49.68,BALBUSD,258.91674513435
5.219,5.222,5.21,5.218,38.41,BALBUSD,200.36342116370486
5.205,5.207,5.205,5.207,214.71,BALBUSD,1117.606501058583
5.208,5.233,5.205,5.222,470.61,BALBUSD,2454.7907134550833
5.228,5.228,5.181,5.198,151.4,BALBUSD,788.4821613916126
5.606,5.631,5.606,5.614,3046.5,BALUSDT,17101.153837327445
5.614,5.615,5.593,5.605,197.89,BALUSDT,1109.3472826536968
5.606,5.621,5.598,5.601,1673.81,BALUSDT,9382.75698865933
5.605,5.605,5.576,5.582,2061.47,BALUSDT,11525.948252779692
5.591,5.612,5.586,5.6,5304.25,BALUSDT,29684.598124290576
5.595,5.619,5.588,5.609,2652.71,BALUSDT,14860.160581390437
5.609,5.637,5.608,5.636,7309.41,BALUSDT,41090.76917183165
5.633,5.635,5.562,5.562,3752.65,BALUSDT,21004.069109820888
5.566,5.6,5.556,5.58,2811.52,BALUSDT,15673.192983353809
5.577,5.583,5.523,5.538,8856.41,BALUSDT,49191.92357908662
5.539,5.543,5.479,5.482,4779.23,BALUSDT,26333.047613819235
5.477,5.491,5.459,5.47,3920.86,BALUSDT,21460.43131228694
5.465,5.503,5.459,5.502,2845.12,BALUSDT,15595.234463889796
5.494,5.495,5.464,5.495,4774.56,BALUSDT,26193.938239233583
5.496,5.498,5.467,5.487,667.69,BALUSDT,3663.045521043587
5.491,5.495,5.471,5.482,750.27,BALUSDT,4114.40369900619
5.482,5.483,5.437,5.445,1490.91,BALUSDT,8141.711866617702
5.442,5.46,5.429,5.457,2101.14,BALUSDT,11443.130468805792
5.455,5.504,5.45,5.503,1572.51,BALUSDT,8612.870701089698
5.504,5.509,5.495,5.504,715.4,BALUSDT,3936.2342172582103
5.502,5.512,5.49,5.503,699.85,BALUSDT,3849.8011928608057
5.505,5.524,5.475,5.518,1534.62,BALUSDT,8447.537036203765
5.519,5.557,5.515,5.556,1502.6,BALUSDT,8318.227280530504
5.556,5.561,5.528,5.537,3085.65,BALUSDT,17108.81209666594
5.534,5.555,5.525,5.55,1031.55,BALUSDT,5714.930026006402
5.547,5.565,5.536,5.557,2608.27,BALUSDT,14476.90805225871
5.554,5.554,5.503,5.508,3966.47,BALUSDT,21930.177906325847
5.505,5.507,5.491,5.502,2753.56,BALUSDT,15145.667189987871
5.497,5.518,5.443,5.454,5085.63,BALUSDT,27854.750445836788
5.451,5.47,5.426,5.464,2212.64,BALUSDT,12063.097259984457
5.46,5.489,5.459,5.484,1125.91,BALUSDT,6161.1475307109085
5.486,5.486,5.462,5.476,2296.31,BALUSDT,12576.082768989012
5.47,5.475,5.42,5.424,2399.95,BALUSDT,13071.095419808751
5.418,5.457,5.413,5.428,1428.79,BALUSDT,7755.695099753541
5.424,5.464,5.414,5.428,2898.24,BALUSDT,15742.24128812604
5.425,5.433,5.366,5.418,12939.34,BALUSDT,69997.41627990956
5.419,5.441,5.411,5.436,2393.94,BALUSDT,12989.294395255025
5.425,5.464,5.418,5.457,1400.44,BALUSDT,7618.609543016482
5.462,5.512,5.451,5.505,1014.55,BALUSDT,5561.405720070206
5.506,5.555,5.506,5.55,4203.98,BALUSDT,23241.24300207029
5.553,5.618,5.553,5.605,2771.12,BALUSDT,15466.679950795822
5.615,5.631,5.583,5.591,5296.53,BALUSDT,29682.43579797646
5.588,5.595,5.565,5.565,6238.98,BALUSDT,34797.18012235574
5.568,5.569,5.554,5.56,851.88,BALUSDT,4738.058824244189
5.562,5.567,5.559,5.56,117.05,BALUSDT,650.930897060055
5.568,5.602,5.556,5.564,12076.85,BALUSDT,67287.78511256215
5.569,5.586,5.548,5.554,1450.14,BALUSDT,8067.687178044605
5.562,5.6,5.557,5.574,9595.31,BALUSDT,53468.74844829643
5.582,5.585,5.554,5.568,28951.9,BALUSDT,161302.14645790873
5.567,5.567,5.548,5.558,452.9,BALUSDT,2517.7325576242006
5.557,5.569,5.533,5.535,780.41,BALUSDT,4329.431770195628
5.539,5.541,5.504,5.507,1960.43,BALUSDT,10825.281730824561
5.507,5.549,5.507,5.543,1443.7,BALUSDT,7977.367775378629
5.549,5.557,5.534,5.55,1195.75,BALUSDT,6632.39195937522
5.55,5.556,5.54,5.545,1573.23,BALUSDT,8726.529982507434
5.541,5.575,5.54,5.571,2232.82,BALUSDT,12405.293832256933
5.568,5.568,5.536,5.54,6308.19,BALUSDT,35023.933753023564
5.545,5.553,5.519,5.525,1576.24,BALUSDT,8723.920175764964
5.52,5.542,5.506,5.542,3009.36,BALUSDT,16631.65160779617
5.535,5.575,5.513,5.554,6725.98,BALUSDT,37284.7178045031
5.555,5.574,5.543,5.547,4059.36,BALUSDT,22545.22475992772
5.55,5.567,5.531,5.541,5060.79,BALUSDT,28069.10330700394
5.542,5.544,5.393,5.399,39638.13,BALUSDT,216767.05035809617
5.392,5.421,5.381,5.414,6455.4,BALUSDT,34866.64993659414
5.414,5.471,5.41,5.466,2394.86,BALUSDT,13026.611813360478
5.464,5.479,5.448,5.473,2722.29,BALUSDT,14877.724038226588
5.474,5.543,5.474,5.527,2334.37,BALUSDT,12847.542204059077
5.533,5.558,5.53,5.532,7543.01,BALUSDT,41768.581197070656
5.53,5.537,5.493,5.493,1198.11,BALUSDT,6604.453135640608
5.497,5.504,5.471,5.49,454.67,BALUSDT,2495.97757496204
5.493,5.493,5.445,5.448,796.73,BALUSDT,4357.236479781525
5.442,5.455,5.436,5.453,677.38,BALUSDT,3688.776660516073
5.453,5.499,5.446,5.476,5226.31,BALUSDT,28575.63346214927
5.481,5.493,5.471,5.493,291.65,BALUSDT,1599.3057742646338
5.493,5.493,5.479,5.482,751.66,BALUSDT,4123.529402694998
5.481,5.487,5.47,5.472,707.16,BALUSDT,3872.866769259495
5.472,5.481,5.459,5.46,1785.56,BALUSDT,9761.924352928663
5.46,5.493,5.46,5.489,1974.21,BALUSDT,10808.106473633392
5.493,5.493,5.479,5.486,203.17,BALUSDT,1114.7728491182622
5.485,5.516,5.485,5.491,1996.18,BALUSDT,10965.80706526504
5.498,5.499,5.48,5.487,2115.46,BALUSDT,11614.185154220813
5.486,5.523,5.486,5.52,965.41,BALUSDT,5312.5493233115585
5.527,5.541,5.52,5.523,796.83,BALUSDT,4403.992325455299
5.507,5.539,5.5,5.539,3419.29,BALUSDT,18875.820210048852
5.539,5.575,5.484,5.557,9660.26,BALUSDT,53497.4476038191
5.564,5.566,5.512,5.515,37264.5,BALUSDT,206385.29404302643
5.51,5.533,5.506,5.522,1363.15,BALUSDT,7520.351692074152
5.529,5.545,5.519,5.538,1289.19,BALUSDT,7131.657184029576
5.535,5.535,5.467,5.485,3648.23,BALUSDT,20082.208000410308
5.488,5.495,5.472,5.477,1458.54,BALUSDT,7995.931659174232
5.476,5.483,5.461,5.464,2547.84,BALUSDT,13937.065786286114
5.47,5.474,5.46,5.474,1225.99,BALUSDT,6704.5099268941885
5.477,5.477,5.461,5.472,2376.26,BALUSDT,13000.279447363182
5.472,5.472,5.401,5.427,8477.44,BALUSDT,46135.53303636474
5.42,5.434,5.403,5.421,5373.57,BALUSDT,29117.535590366497
5.421,5.427,5.404,5.41,1228.67,BALUSDT,6652.828042092253
5.417,5.43,5.414,5.429,1536.38,BALUSDT,8329.725492855503
5.429,5.449,5.424,5.449,2493.13,BALUSDT,13554.91021910514
5.449,5.45,5.421,5.424,1498.93,BALUSDT,8146.916844878035
5.421,5.426,5.379,5.383,17089.88,BALUSDT,92309.45249463245
5.388,5.422,5.377,5.408,14096.57,BALUSDT,76092.02694288465
5.412,5.421,5.403,5.421,1740.29,BALUSDT,9420.900425840153
5.421,5.424,5.376,5.385,4566.99,BALUSDT,24664.76175167641
5.385,5.388,5.368,5.372,3089.29,BALUSDT,16612.391144800637
5.373,5.384,5.361,5.365,6749.04,BALUSDT,36241.77192064715
5.363,5.368,5.346,5.358,11824.14,BALUSDT,63352.76050724053
5.354,5.357,5.33,5.357,17980.57,BALUSDT,96172.10693664504
5.355,5.361,5.342,5.355,13826.22,BALUSDT,74003.70655026118
5.352,5.367,5.348,5.36,4410.82,BALUSDT,23623.987115247557
5.358,5.374,5.343,5.353,6957.81,BALUSDT,37267.19408398897
5.353,5.374,5.334,5.374,11359.71,BALUSDT,60864.38312314512
5.372,5.376,5.355,5.367,1415.57,BALUSDT,7596.890854711487
5.365,5.365,5.308,5.334,21184.74,BALUSDT,113172.4704242683
5.338,5.356,5.323,5.336,10382.86,BALUSDT,55417.68637629271
5.334,5.353,5.326,5.347,3752.47,BALUSDT,20035.074863395592
5.348,5.351,5.336,5.342,1144.48,BALUSDT,6115.436447603543
5.341,5.344,5.328,5.344,1201.56,BALUSDT,6414.431951526198
5.348,5.371,5.332,5.367,3773.22,BALUSDT,20200.56582382613
5.367,5.389,5.365,5.371,2961.88,BALUSDT,15911.707380526246
5.376,5.381,5.35,5.35,2401.61,BALUSDT,12880.833805575016
5.353,5.353,5.342,5.35,453.73,BALUSDT,2426.851322308689
5.35,5.363,5.345,5.35,1088.71,BALUSDT,5825.8701476832375
5.351,5.36,5.331,5.36,1927.74,BALUSDT,10312.76950073736
5.36,5.375,5.356,5.362,3605.85,BALUSDT,19336.06875328931
5.365,5.368,5.35,5.362,1535.23,BALUSDT,8229.47236712686
5.365,5.377,5.347,5.347,3122.35,BALUSDT,16730.07255588111
5.354,5.37,5.354,5.364,1181.86,BALUSDT,6334.375698205612
5.367,5.382,5.354,5.358,2678.4,BALUSDT,14368.05173910348
5.358,5.358,5.329,5.34,1420.93,BALUSDT,7595.466113721907
5.343,5.382,5.34,5.382,6601.22,BALUSDT,35388.589323501976
5.382,5.399,5.369,5.383,3117.67,BALUSDT,16780.588079522073
5.384,5.422,5.376,5.376,8088.31,BALUSDT,43585.1703768785
5.383,5.394,5.282,5.297,11076.5,BALUSDT,59128.240585962434
5.293,5.315,5.274,5.294,6024.37,BALUSDT,31888.05701085245
5.293,5.31,5.276,5.295,2637.68,BALUSDT,13960.388600191014
5.304,5.308,5.296,5.3,1217.42,BALUSDT,6453.757447427423
5.303,5.32,5.303,5.314,355.35,BALUSDT,1886.6151800736754
5.322,5.33,5.3,5.3,1102.27,BALUSDT,5855.450138758722
5.295,5.321,5.277,5.32,1513.87,BALUSDT,8027.183057889002
5.319,5.373,5.319,5.371,1633.16,BALUSDT,8728.699692673548
5.363,5.39,5.346,5.347,2749.1,BALUSDT,14737.00842586941
5.344,5.377,5.243,5.279,9543.99,BALUSDT,50677.86579345647
5.277,5.277,5.224,5.231,3061.07,BALUSDT,16075.00565936213
5.234,5.282,5.234,5.282,918.76,BALUSDT,4830.089125909564
5.281,5.285,5.248,5.248,417.25,BALUSDT,2196.6883467059315
5.251,5.267,5.247,5.261,752.38,BALUSDT,3954.2706830536886
5.266,5.279,5.265,5.272,443.96,BALUSDT,2339.5274439160694
5.275,5.325,5.275,5.313,675.46,BALUSDT,3577.355433638672
5.312,5.322,5.3,5.3,1038.54,BALUSDT,5512.232580223235
5.297,5.313,5.282,5.29,2054.44,BALUSDT,10877.595834832742
5.289,5.335,5.289,5.325,2546.66,BALUSDT,13519.389354182078
5.328,5.341,5.322,5.341,1090.08,BALUSDT,5812.492947492312
5.341,5.346,5.329,5.344,687.67,BALUSDT,3671.586963069991
5.343,5.363,5.341,5.341,2073.84,BALUSDT,11087.098722545486
5.335,5.398,5.332,5.398,2381.56,BALUSDT,12776.869096901644
5.401,5.409,5.361,5.387,1970.09,BALUSDT,10616.14951798145
5.387,5.399,5.368,5.39,3315.73,BALUSDT,17855.7456727893
5.388,5.411,5.383,5.393,1501.19,BALUSDT,8095.78487707821
5.395,5.41,5.379,5.404,2764.56,BALUSDT,14918.010954651754
5.41,5.416,5.395,5.399,1645.12,BALUSDT,8890.491358248879
5.392,5.392,5.363,5.372,2816.57,BALUSDT,15150.087010319985
5.378,5.389,5.372,5.389,3730.06,BALUSDT,20072.062232815086
5.396,5.401,5.39,5.394,817.94,BALUSDT,4412.3047855824725
5.396,5.396,5.368,5.379,776.16,BALUSDT,4178.777867985798
5.387,5.395,5.376,5.395,574.16,BALUSDT,3093.236701595971
5.397,5.407,5.378,5.378,1409.88,BALUSDT,7598.071896090061
5.381,5.458,5.381,5.452,7785.6,BALUSDT,42175.82354890464
5.453,5.469,5.443,5.465,2775.89,BALUSDT,15147.064697711523
5.47,5.539,5.469,5.539,4998.97,BALUSDT,27511.303325492237
5.54,5.547,5.468,5.476,4135.18,BALUSDT,22771.997187673085
5.476,5.484,5.457,5.462,1526.42,BALUSDT,8347.837921840668
5.467,5.476,5.435,5.444,1771.35,BALUSDT,9662.097718391658
5.445,5.445,5.417,5.434,1915.46,BALUSDT,10409.385574433643
5.435,5.441,5.419,5.438,2258.67,BALUSDT,12270.011107726037
5.437,5.439,5.414,5.419,2289.53,BALUSDT,12423.920093854402
5.418,5.439,5.416,5.438,1167.07,BALUSDT,6333.579484496276
5.435,5.443,5.434,5.438,5729.33,BALUSDT,31148.389105105034
5.441,5.441,5.425,5.438,2128.24,BALUSDT,11567.846198731382
5.438,5.454,5.432,5.449,3650.42,BALUSDT,19867.059850390026
5.449,5.469,5.449,5.469,3480.98,BALUSDT,18999.715854976483
5.467,5.485,5.458,5.484,992.02,BALUSDT,5428.977404252489
5.487,5.491,5.457,5.462,951.77,BALUSDT,5209.416992724897
5.471,5.478,5.453,5.453,459.93,BALUSDT,2512.551900582546
5.454,5.455,5.431,5.434,924.99,BALUSDT,5034.400345792546
5.434,5.45,5.431,5.446,840.61,BALUSDT,4572.417659666515
5.447,5.473,5.445,5.473,285.71,BALUSDT,1559.5912688443398
5.468,5.476,5.468,5.468,145.69,BALUSDT,796.800418117565
5.459,5.477,5.459,5.476,696.88,BALUSDT,3809.773298664371
5.474,5.487,5.474,5.479,4750.47,BALUSDT,26021.404238813826
5.483,5.483,5.459,5.481,866.44,BALUSDT,4744.321040631303
5.476,5.476,5.444,5.465,4952.9,BALUSDT,27064.628874331098
5.461,5.481,5.461,5.478,1960.17,BALUSDT,10720.953111229941
5.478,5.478,5.339,5.376,7520.08,BALUSDT,40735.58008955887
5.366,5.42,5.36,5.42,2226.0,BALUSDT,11999.613370089452
5.42,5.427,5.411,5.421,1151.0,BALUSDT,6237.1625323417375
5.42,5.42,5.364,5.371,6310.34,BALUSDT,34031.10541718351
5.372,5.405,5.361,5.362,2627.01,BALUSDT,14117.983768213315
5.369,5.399,5.366,5.396,1108.28,BALUSDT,5964.389791456805
5.402,5.424,5.402,5.415,950.19,BALUSDT,5140.441336657669
5.403,5.422,5.399,5.399,1316.75,BALUSDT,7116.914816086973
5.403,5.41,5.385,5.398,1702.67,BALUSDT,9191.286322401953
5.401,5.422,5.395,5.414,2265.45,BALUSDT,12249.649095992878
5.416,5.429,5.264,5.33,7893.82,BALUSDT,42302.32482622374
5.324,5.335,5.276,5.287,3530.79,BALUSDT,18729.694361343667
5.283,5.303,5.259,5.288,2198.42,BALUSDT,11612.99694395682
5.288,5.288,5.266,5.267,669.21,BALUSDT,3531.0394870719506
5.266,5.302,5.254,5.285,2045.35,BALUSDT,10791.122871644786
5.288,5.288,5.265,5.27,534.07,BALUSDT,2818.249777459339
5.268,5.309,5.268,5.285,1139.13,BALUSDT,6016.518811740724
5.285,5.324,5.278,5.324,2031.23,BALUSDT,10769.430514246016
5.321,5.33,5.31,5.31,8021.22,BALUSDT,42648.211959709275
5.31,5.319,5.293,5.297,709.95,BALUSDT,3765.5218211260453
5.299,5.308,5.29,5.29,492.4,BALUSDT,2607.714267792635
5.286,5.293,5.244,5.245,1361.29,BALUSDT,7168.799866801857
5.248,5.266,5.15,5.21,4843.68,BALUSDT,25272.814810132764
5.212,5.218,5.196,5.196,542.89,BALUSDT,2825.574591140022
5.204,5.213,5.191,5.21,1121.48,BALUSDT,5835.835338353504
5.21,5.243,5.21,5.23,1550.64,BALUSDT,8098.12133131993
5.226,5.241,5.226,5.241,360.11,BALUSDT,1884.3427183827666
5.239,5.246,5.238,5.241,636.31,BALUSDT,3334.38229968463
5.244,5.245,5.221,5.224,789.64,BALUSDT,4131.938530292877
5.224,5.261,5.224,5.257,2850.36,BALUSDT,14937.83949182643
5.257,5.269,5.242,5.251,4471.69,BALUSDT,23493.960323554875
5.251,5.252,5.233,5.235,1708.33,BALUSDT,8954.954843342139
5.236,5.237,5.21,5.221,1302.64,BALUSDT,6806.538399102313
5.227,5.258,5.198,5.2,5048.89,BALUSDT,26354.89496212093
5.199,5.203,5.164,5.182,3966.71,BALUSDT,20572.126335764508
5.179,5.179,5.158,5.173,2046.16,BALUSDT,10581.605893622724
5.169,5.17,5.127,5.148,4361.56,BALUSDT,22473.805363798943
5.147,5.167,5.138,5.14,2206.25,BALUSDT,11356.00943387625
5.146,5.176,5.134,5.168,3130.03,BALUSDT,16135.925960328996
5.175,5.181,5.159,5.164,2472.44,BALUSDT,12779.909744159542
5.163,5.207,5.16,5.185,1810.02,BALUSDT,9372.183942494892
5.186,5.187,5.156,5.158,2145.41,BALUSDT,11093.799368268163
5.16,5.16,5.112,5.146,15416.87,BALUSDT,79299.75865096471
5.146,5.154,5.138,5.154,1214.95,BALUSDT,6253.59032824383
5.154,5.166,5.149,5.149,762.43,BALUSDT,3929.3345249821296
5.145,5.16,5.115,5.157,11911.89,BALUSDT,61268.214507796394
5.157,5.18,5.131,5.145,2613.55,BALUSDT,13466.182893912246
5.157,5.177,5.154,5.173,1534.54,BALUSDT,7925.050594348845
5.172,5.203,5.172,5.19,1600.21,BALUSDT,8294.599096602751
5.193,5.206,5.181,5.182,324.53,BALUSDT,1684.2111136775907
5.182,5.182,5.143,5.154,919.06,BALUSDT,4746.436716698327
5.147,5.209,5.147,5.209,702.13,BALUSDT,3635.0639814501874
5.208,5.228,5.205,5.22,1681.41,BALUSDT,8767.610365569039
5.223,5.224,5.197,5.213,1451.3,BALUSDT,7566.264666292664
5.216,5.224,5.204,5.206,1248.57,BALUSDT,6507.159429798619
5.2,5.212,5.194,5.209,1491.88,BALUSDT,7762.163734048003
5.209,5.23,5.203,5.225,2788.87,BALUSDT,14546.575955699353
5.222,5.229,5.181,5.186,2828.37,BALUSDT,14717.963401878676
