open,high,low,close,volume,name,avg
0.6702,0.6704,0.6701,0.6704,18302.0,AUDBUSD,12265.45271542275
0.6703,0.6705,0.67,0.6702,9382.0,AUDBUSD,6287.30113178783
0.6703,0.6703,0.6689,0.6692,18579.0,AUDBUSD,12439.944171253715
0.6691,0.6692,0.668,0.6685,26109.0,AUDBUSD,17456.355254317517
0.6685,0.6705,0.6684,0.6703,155400.0,AUDBUSD,104012.3603559117
0.6703,0.6703,0.6699,0.6702,26030.0,AUDBUSD,17441.924463667165
0.6702,0.6703,0.6698,0.6698,8317.0,AUDBUSD,5571.72559052082
0.6698,0.6706,0.6696,0.6698,22143.0,AUDBUSD,14832.380625615859
0.6694,0.6697,0.6687,0.6689,35420.0,AUDBUSD,23698.468160977613
0.669,0.6695,0.6688,0.6689,92013.0,AUDBUSD,61551.66084446586
0.6689,0.6703,0.6685,0.6691,59200.0,AUDBUSD,39610.4384111744
0.669,0.6692,0.6677,0.6677,56290.0,AUDBUSD,37618.34630209656
0.6679,0.6679,0.667,0.6674,177469.0,AUDBUSD,118450.8857452791
0.6673,0.6673,0.6669,0.6671,2619.0,AUDBUSD,1746.992333003841
0.6671,0.6671,0.667,0.6671,1952.0,AUDBUSD,1301.9265645071841
0.6673,0.6673,0.6672,0.6672,1382.0,AUDBUSD,921.9951482826701
0.6672,0.6672,0.667,0.667,8955.0,AUDBUSD,5972.945348746531
0.667,0.6671,0.667,0.667,4117.0,AUDBUSD,2745.7120439430605
0.6671,0.6676,0.6671,0.6675,46208.0,AUDBUSD,30830.926571131462
0.6675,0.6675,0.667,0.667,30434.0,AUDBUSD,20303.907628679288
0.667,0.6676,0.6668,0.6672,27980.0,AUDBUSD,18663.934890205215
0.6674,0.668,0.6672,0.6678,12198.0,AUDBUSD,8142.110034543408
0.6677,0.668,0.6668,0.667,40636.0,AUDBUSD,27115.205221218734
0.667,0.6688,0.667,0.6688,41827.0,AUDBUSD,27931.880158908414
0.6686,0.6696,0.6686,0.6686,224239.0,AUDBUSD,149958.77692777885
0.6682,0.6682,0.667,0.667,47827.0,AUDBUSD,31924.30698656399
0.667,0.667,0.6665,0.6665,89896.0,AUDBUSD,59928.77528074668
0.6664,0.6665,0.6662,0.6664,58631.0,AUDBUSD,39064.11657078488
0.6662,0.6666,0.6652,0.6653,48692.0,AUDBUSD,32415.275818270115
0.6652,0.6662,0.6651,0.6654,251824.0,AUDBUSD,167556.34302349036
0.6655,0.6669,0.6649,0.6669,72000.0,AUDBUSD,47948.093030376
0.6669,0.6674,0.6669,0.6673,25096.0,AUDBUSD,16739.54818086474
0.6672,0.6677,0.6669,0.6669,77161.0,AUDBUSD,51471.831512992016
0.6667,0.6668,0.6659,0.6668,20583.0,AUDBUSD,13717.45098402733
0.6667,0.6675,0.6667,0.6671,23220.0,AUDBUSD,15485.315549180403
0.6667,0.6669,0.6655,0.6655,17936.0,AUDBUSD,11946.196049685745
0.6655,0.6664,0.6654,0.6664,8107.0,AUDBUSD,5397.808869706754
0.6666,0.6675,0.6663,0.6675,7806.0,AUDBUSD,5205.5918390717015
0.6678,0.6686,0.6678,0.6686,9225.0,AUDBUSD,6163.1800647417
0.6686,0.6686,0.6671,0.6671,56117.0,AUDBUSD,37471.87168482303
0.6671,0.6675,0.6671,0.6672,6788.0,AUDBUSD,4528.414311038618
0.6674,0.6678,0.6673,0.6674,12291.0,AUDBUSD,8202.650980979879
0.6673,0.6688,0.6673,0.6682,119401.0,AUDBUSD,79735.44415936654
0.6681,0.6681,0.6673,0.6673,15039.0,AUDBUSD,10039.968397281436
0.6673,0.6674,0.6668,0.667,18091.0,AUDBUSD,12067.069100255978
0.667,0.6679,0.667,0.6679,24254.0,AUDBUSD,16185.798178461759
0.6678,0.6682,0.666,0.6662,173549.0,AUDBUSD,115747.73846220515
0.6662,0.6706,0.6661,0.6706,202813.0,AUDBUSD,135533.91907356048
0.6706,0.6736,0.6678,0.6735,347054.0,AUDBUSD,232966.90490101214
0.6736,0.6757,0.6689,0.6757,325603.0,AUDBUSD,219251.1534758943
0.6758,0.6787,0.6725,0.6787,268642.0,AUDBUSD,181687.71900155436
0.6786,0.6799,0.6778,0.678,147287.0,AUDBUSD,99929.63059149103
0.6787,0.6804,0.6783,0.6785,89458.0,AUDBUSD,60730.237350231604
0.6785,0.6832,0.6783,0.6832,166672.0,AUDBUSD,113452.53495961371
0.6832,0.6836,0.6764,0.6823,151350.0,AUDBUSD,103109.96288932764
0.6824,0.6869,0.6824,0.6869,150147.0,AUDBUSD,102782.05152860867
0.6869,0.6883,0.6869,0.6883,82411.0,AUDBUSD,56656.93313510445
0.6884,0.6887,0.6702,0.6799,128654.0,AUDBUSD,87702.56609083632
0.6798,0.6801,0.6785,0.6798,41305.0,AUDBUSD,28064.41885805212
0.68,0.68,0.6783,0.6783,11718.0,AUDBUSD,7957.033910895762
0.6782,0.6782,0.6754,0.6777,27344.0,AUDBUSD,18519.242543891323
0.6779,0.6809,0.6779,0.68,16736.0,AUDBUSD,11364.893461039888
0.6794,0.6794,0.6727,0.6727,26961.0,AUDBUSD,18224.130797916812
0.6738,0.6741,0.6728,0.674,17007.0,AUDBUSD,11455.397216363908
0.674,0.6776,0.674,0.6774,27634.0,AUDBUSD,18670.752322837227
0.6771,0.68,0.6771,0.6795,22916.0,AUDBUSD,15544.35360591606
0.6796,0.6798,0.6741,0.6766,20264.0,AUDBUSD,13727.217404952438
0.6766,0.6798,0.6758,0.6798,37025.0,AUDBUSD,25099.020384206997
0.6799,0.6802,0.6799,0.6802,19957.0,AUDBUSD,13569.633327026162
0.6802,0.6847,0.68,0.6804,147679.0,AUDBUSD,100601.64402803758
0.6804,0.6849,0.6802,0.6848,48380.0,AUDBUSD,33017.80908294561
0.6849,0.6853,0.6845,0.6853,31898.0,AUDBUSD,21846.7095806498
0.6851,0.6878,0.6844,0.6877,83747.0,AUDBUSD,57462.38218037048
0.6878,0.6888,0.6864,0.6886,47547.0,AUDBUSD,32702.461255223297
0.6887,0.6894,0.6876,0.6889,32521.0,AUDBUSD,22392.080844865806
0.6876,0.6905,0.6864,0.6904,76684.0,AUDBUSD,52805.920367026134
0.6905,0.691,0.6869,0.6887,54091.0,AUDBUSD,37277.737654322125
0.6888,0.6908,0.6876,0.6895,56680.0,AUDBUSD,39056.324165798935
0.6898,0.6907,0.6848,0.685,78479.0,AUDBUSD,53951.751495538556
0.6852,0.69,0.6844,0.69,74357.0,AUDBUSD,51105.00057069823
0.6898,0.6918,0.6872,0.6913,58108.0,AUDBUSD,40089.69607643354
0.6916,0.692,0.6916,0.6919,14111.0,AUDBUSD,9760.108938340105
0.692,0.6921,0.6881,0.6916,103819.0,AUDBUSD,71722.50885064565
0.6913,0.6915,0.6879,0.6915,40271.0,AUDBUSD,27804.785807373115
0.6915,0.693,0.6914,0.6929,21577.0,AUDBUSD,14933.261381269924
0.6932,0.6935,0.6916,0.6917,29028.0,AUDBUSD,20098.7432501394
0.6918,0.6936,0.6907,0.6908,67748.0,AUDBUSD,46855.649368281134
0.6908,0.6908,0.6879,0.6891,19560.0,AUDBUSD,13487.44234521684
0.6893,0.6921,0.6893,0.6921,5648.0,AUDBUSD,3900.4629259386566
0.6921,0.6923,0.691,0.6911,12127.0,AUDBUSD,8386.023421363858
0.6911,0.6913,0.691,0.6912,8407.0,AUDBUSD,5809.588474635252
0.6912,0.6913,0.6911,0.6913,10382.0,AUDBUSD,7175.174572318907
0.6912,0.6912,0.6906,0.6907,24840.0,AUDBUSD,17159.890370196423
0.6908,0.6908,0.6908,0.6908,4522.0,AUDBUSD,3123.308600723696
0.6908,0.6908,0.6907,0.6908,10218.0,AUDBUSD,7057.234037620767
0.6908,0.6908,0.6858,0.686,28398.0,AUDBUSD,19544.703293133018
0.686,0.6861,0.6859,0.6861,41597.0,AUDBUSD,28532.11480846546
0.6861,0.6861,0.6832,0.6834,51499.0,AUDBUSD,35255.84548587594
0.6834,0.6834,0.6803,0.6804,43807.0,AUDBUSD,29866.222134607513
0.6805,0.6805,0.6803,0.6805,7204.0,AUDBUSD,4901.194446899828
0.6806,0.6806,0.6796,0.6796,65651.0,AUDBUSD,44642.25570717204
0.6796,0.6796,0.678,0.6783,125991.0,AUDBUSD,85518.75092378484
0.6783,0.6788,0.6769,0.6773,201420.0,AUDBUSD,136506.13948334978
0.6773,0.6794,0.6769,0.6794,108768.0,AUDBUSD,73760.34774740017
0.6794,0.6797,0.6778,0.6788,33484.0,AUDBUSD,22729.566056659463
0.6787,0.6794,0.6772,0.6773,28638.0,AUDBUSD,19417.819558622563
0.6773,0.6793,0.6772,0.6781,21960.0,AUDBUSD,14886.000380665262
0.6781,0.6796,0.6781,0.6796,5660.0,AUDBUSD,3841.6895277668596
0.6796,0.6799,0.6795,0.6799,7402.0,AUDBUSD,5030.536846470596
0.6799,0.68,0.6799,0.68,10440.0,AUDBUSD,7097.566772945881
0.68,0.6807,0.6799,0.6802,39638.0,AUDBUSD,26957.547004899898
0.6802,0.6802,0.6788,0.6793,13783.0,AUDBUSD,9365.805022338958
0.6793,0.6805,0.6792,0.6805,6375.0,AUDBUSD,4333.524648842812
0.6805,0.6806,0.6805,0.6806,7880.0,AUDBUSD,5361.894517619639
0.6806,0.6808,0.6783,0.6799,17031.0,AUDBUSD,11577.564264340073
0.6799,0.6809,0.6799,0.6805,6975.0,AUDBUSD,4744.349703220049
0.6807,0.6811,0.6807,0.681,12634.0,AUDBUSD,8600.828165564635
0.681,0.6821,0.6808,0.6821,35072.0,AUDBUSD,23897.826448545282
0.6821,0.6836,0.6808,0.6822,67049.0,AUDBUSD,45731.99156821245
0.682,0.684,0.6818,0.6838,33753.0,AUDBUSD,23046.315464944004
0.6838,0.6873,0.6832,0.6856,69002.0,AUDBUSD,47257.24614247953
0.6858,0.6874,0.6858,0.6874,15801.0,AUDBUSD,10847.268302768438
0.6875,0.6898,0.6875,0.6889,24762.0,AUDBUSD,17044.111347082282
0.6889,0.69,0.6886,0.6891,25663.0,AUDBUSD,17682.887937339317
0.6891,0.69,0.6891,0.6898,32458.0,AUDBUSD,22376.287667516863
0.6898,0.6904,0.6894,0.6898,105085.0,AUDBUSD,72481.53921342989
0.6897,0.6913,0.6873,0.6913,19180.0,AUDBUSD,13230.21061857572
0.6914,0.6918,0.6871,0.6897,46436.0,AUDBUSD,32035.824326906397
0.6898,0.6924,0.6886,0.6915,38464.0,AUDBUSD,26558.11874118973
0.6918,0.6923,0.6836,0.6836,78988.0,AUDBUSD,54321.416294151015
0.6836,0.69,0.6816,0.6838,109390.0,AUDBUSD,74893.07690221664
0.6838,0.6856,0.6815,0.6856,56210.0,AUDBUSD,38448.64655654523
0.6857,0.6878,0.6853,0.6876,66356.0,AUDBUSD,45552.897632966415
0.6878,0.6889,0.6868,0.6889,25653.0,AUDBUSD,17649.066082641377
0.6889,0.69,0.688,0.688,52734.0,AUDBUSD,36313.53873865155
0.6879,0.692,0.6829,0.6829,89530.0,AUDBUSD,61446.00998564066
0.6824,0.6852,0.6804,0.6845,43243.0,AUDBUSD,29535.750124795337
0.6845,0.6895,0.6842,0.6889,95203.0,AUDBUSD,65372.80526386753
0.6889,0.6906,0.6843,0.6906,86138.0,AUDBUSD,59305.341688320725
0.6906,0.6932,0.6906,0.6919,109842.0,AUDBUSD,75952.08974839078
0.6918,0.6944,0.6917,0.6941,32366.0,AUDBUSD,22426.126864467482
0.6943,0.695,0.6901,0.6928,79587.0,AUDBUSD,55149.13595262942
0.6928,0.6935,0.6899,0.6928,60479.0,AUDBUSD,41860.03395435362
0.6927,0.6953,0.6917,0.6933,72052.0,AUDBUSD,49942.229819329536
0.6934,0.6938,0.6865,0.6873,65430.0,AUDBUSD,45155.987674978955
0.6873,0.6941,0.6873,0.692,126854.0,AUDBUSD,87537.7541445377
0.6924,0.6953,0.6924,0.6943,119210.0,AUDBUSD,82671.11263787377
0.6947,0.6981,0.6935,0.6968,116682.0,AUDBUSD,81171.70994112019
0.6976,0.6989,0.6944,0.6981,85947.0,AUDBUSD,59917.1648485283
0.698,0.7027,0.698,0.7027,139765.0,AUDBUSD,97869.09492324543
0.7025,0.7153,0.7018,0.7151,409488.0,AUDBUSD,290148.4814455791
0.7148,0.7434,0.7081,0.7114,374994.0,AUDBUSD,269737.82707965025
0.7113,0.7375,0.7105,0.7254,422297.0,AUDBUSD,304502.3647118989
0.726,3.777,0.7181,0.7181,450530.0,AUDBUSD,668842.2270453861
0.7182,0.7231,0.7116,0.7174,115502.0,AUDBUSD,82868.37340383886
0.7167,0.719,0.7045,0.7074,176034.0,AUDBUSD,125298.98722563591
0.7074,0.7136,0.7074,0.7134,136325.0,AUDBUSD,96836.93502285302
0.7134,0.7138,0.7052,0.71,88408.0,AUDBUSD,62812.89053065981
0.7099,0.7163,0.7099,0.7147,40208.0,AUDBUSD,28651.755751939938
0.7147,0.7163,0.7125,0.7157,9419.0,AUDBUSD,6731.647262954151
0.7158,0.7172,0.7128,0.7172,5337.0,AUDBUSD,3819.359773813815
0.7173,0.7434,0.7167,0.7192,58698.0,AUDBUSD,42499.50278623018
0.7192,0.7205,0.7164,0.7198,18025.0,AUDBUSD,12957.495691054337
0.72,0.7347,0.7197,0.732,44342.0,AUDBUSD,32213.85365383231
0.7319,0.7499,0.73,0.7487,34717.0,AUDBUSD,25690.897342281904
0.7479,0.8462,0.7322,0.7399,67424.0,AUDBUSD,51675.7766074285
0.7405,0.7663,0.7276,0.7276,74823.0,AUDBUSD,55397.75817721299
0.7268,0.7648,0.7256,0.7613,34876.0,AUDBUSD,25965.47622797359
0.7627,0.763,0.7309,0.7474,101625.0,AUDBUSD,76308.42780849751
0.7477,0.75,0.7428,0.7497,15578.0,AUDBUSD,11643.510939431293
0.7494,0.7646,0.7494,0.7522,30225.0,AUDBUSD,22783.060481331147
0.7518,0.7519,0.7433,0.7506,25926.0,AUDBUSD,19425.902993043626
0.7503,0.7623,0.7467,0.7623,18368.0,AUDBUSD,13873.015178195714
0.7645,0.9153,0.744,0.7617,100005.0,AUDBUSD,79629.0147974273
0.7617,0.8305,0.745,0.7714,132939.0,AUDBUSD,103297.37114784573
0.7714,0.779,0.7482,0.767,109659.0,AUDBUSD,84029.50156237929
0.7676,0.79,0.7481,0.7749,153432.0,AUDBUSD,118147.15714839761
0.774,0.7912,0.7736,0.779,36093.0,AUDBUSD,28128.28495888742
0.7797,0.7913,0.771,0.776,35255.0,AUDBUSD,27476.970581602855
0.778,0.7824,0.7666,0.7666,5559.0,AUDBUSD,4298.657582787876
0.7666,0.779,0.7441,0.7497,72192.0,AUDBUSD,54846.50418402355
0.7526,0.7556,0.7483,0.7483,5109.0,AUDBUSD,3837.280018139568
0.7465,0.7465,0.736,0.7394,6559.0,AUDBUSD,4866.671951897294
0.7404,0.7556,0.7375,0.7408,26321.0,AUDBUSD,19568.573830854013
0.7429,0.7703,0.7428,0.7701,31190.0,AUDBUSD,23592.32102985103
0.7703,0.7734,0.7463,0.747,29106.0,AUDBUSD,22095.27116472753
0.7507,0.759,0.7458,0.7459,12525.0,AUDBUSD,9396.662566142775
0.746,0.7606,0.7459,0.7589,9850.0,AUDBUSD,7414.411666280851
0.7607,0.7627,0.7582,0.7582,4566.0,AUDBUSD,3469.3885168916822
0.7569,0.7649,0.7569,0.7601,6992.0,AUDBUSD,5310.9908873215045
0.7601,0.7733,0.7583,0.7603,50819.0,AUDBUSD,38768.827177623614
0.7602,0.78,0.746,0.7511,135340.0,AUDBUSD,102750.95834669744
0.7506,0.7597,0.7376,0.7443,41342.0,AUDBUSD,30921.041962259525
0.7443,0.7446,0.7369,0.7395,29937.0,AUDBUSD,22189.57242549698
0.7387,0.7633,0.7387,0.7408,54706.0,AUDBUSD,40770.101599077236
0.7405,0.7458,0.7405,0.7443,10706.0,AUDBUSD,7950.904320572058
0.745,0.753,0.7446,0.753,8454.0,AUDBUSD,6330.209513858076
0.7528,0.7548,0.7468,0.7468,31543.0,AUDBUSD,23663.008112762633
0.7468,0.754,0.746,0.7533,43660.0,AUDBUSD,32740.96542683659
0.7529,0.7735,0.7463,0.7522,53262.0,AUDBUSD,40271.75082312158
0.7518,0.7544,0.744,0.7441,20854.0,AUDBUSD,15608.339338021353
0.7441,0.7477,0.722,0.7261,46698.0,AUDBUSD,34316.48980563642
0.7261,0.7388,0.7234,0.7262,58157.0,AUDBUSD,42368.01079820867
0.7274,0.7343,0.722,0.7252,33343.0,AUDBUSD,24244.067414498586
0.7253,0.726,0.7222,0.7228,22688.0,AUDBUSD,16425.241990059054
0.7232,0.7464,0.7207,0.7371,41892.0,AUDBUSD,30653.860893332287
0.7384,0.7384,0.7312,0.7324,7949.0,AUDBUSD,5842.395188268254
0.7363,0.7392,0.709,0.7127,65284.0,AUDBUSD,47277.79917460415
0.7129,0.7166,0.7111,0.7111,7995.0,AUDBUSD,5698.943122770398
0.7111,0.7183,0.7091,0.7183,14682.0,AUDBUSD,10484.242939656026
0.7181,0.7262,0.7181,0.7262,14588.0,AUDBUSD,10533.07509427373
0.7265,0.7492,0.7218,0.7232,28629.0,AUDBUSD,20900.907734651057
0.7233,0.7264,0.7195,0.7264,19120.0,AUDBUSD,13838.801334869278
0.7244,0.7252,0.7167,0.7194,30212.0,AUDBUSD,21792.280202358666
0.7194,0.7215,0.7151,0.7179,39756.0,AUDBUSD,28559.220739638666
0.7179,0.7198,0.711,0.7191,11308.0,AUDBUSD,8106.001487860276
0.7187,0.7217,0.7179,0.7195,24753.0,AUDBUSD,17805.75810023264
0.7199,0.7354,0.7194,0.7346,13934.0,AUDBUSD,10132.960088083062
0.7348,0.7368,0.7323,0.7333,23773.0,AUDBUSD,17453.78125731409
0.7331,0.7475,0.7326,0.741,60069.0,AUDBUSD,44357.015215709434
0.741,0.7471,0.7365,0.7471,26438.0,AUDBUSD,19638.37647723698
0.7468,0.7475,0.7398,0.7402,31250.0,AUDBUSD,23233.081274046872
0.7402,0.7446,0.7175,0.7278,51839.0,AUDBUSD,37967.419124681626
0.7278,0.7352,0.7241,0.726,32539.0,AUDBUSD,23693.63064336118
0.7241,0.7365,0.7224,0.7365,12851.0,AUDBUSD,9378.155338717741
0.7368,0.7443,0.7368,0.7393,12749.0,AUDBUSD,9423.860257949524
0.7407,0.7455,0.7397,0.7427,27165.0,AUDBUSD,20157.34882458644
0.7429,0.7429,0.7379,0.7397,11464.0,AUDBUSD,8491.774889437223
0.7384,0.7442,0.7341,0.7442,5261.0,AUDBUSD,3893.7141075640884
0.742,0.7464,0.7409,0.746,9633.0,AUDBUSD,7164.144574225138
0.7454,0.7461,0.7449,0.7461,383.0,AUDBUSD,285.5296711873375
0.746,0.7465,0.7437,0.745,6018.0,AUDBUSD,4484.513284381284
0.7454,0.7462,0.7398,0.7436,8623.0,AUDBUSD,6412.352303212624
0.7436,0.7699,0.7433,0.7465,89905.0,AUDBUSD,67492.35471764882
0.7455,0.7475,0.745,0.7463,17978.0,AUDBUSD,13410.836688943771
0.7462,0.7466,0.7459,0.7462,4400.0,AUDBUSD,3282.8760181293997
0.746,0.7488,0.7456,0.7485,6960.0,AUDBUSD,5199.871884613561
0.7481,0.7556,0.7463,0.7544,16754.0,AUDBUSD,12581.959511691723
0.7556,0.7788,0.7555,0.7771,55205.0,AUDBUSD,42321.80765698078
0.7773,0.78,0.7773,0.7791,16055.0,AUDBUSD,12495.656998602279
0.7795,0.7894,0.7793,0.7855,42092.0,AUDBUSD,32970.76304868485
0.7848,0.7892,0.778,0.7883,23091.0,AUDBUSD,18125.329041765213
0.7898,0.8011,0.7885,0.7959,39478.0,AUDBUSD,31333.717601900793
0.7954,0.8004,0.7954,0.8002,13770.0,AUDBUSD,10984.67468980497
0.7997,0.821,0.7957,0.7957,109990.0,AUDBUSD,88310.89339837035
0.7971,0.7971,0.7405,0.7605,83663.0,AUDBUSD,64728.295246261725
0.7607,0.7862,0.7607,0.7862,30683.0,AUDBUSD,23728.051379295568
0.7865,0.7951,0.7376,0.7428,92636.0,AUDBUSD,70901.75730120868
0.7421,0.77,0.7398,0.7699,89684.0,AUDBUSD,67741.17193670319
0.7681,0.7828,0.7664,0.7802,64488.0,AUDBUSD,49930.07772191671
0.6702,0.6704,0.6701,0.6703,429052.0,AUDUSDT,287527.08358727535
0.6703,0.6704,0.6699,0.6702,638436.0,AUDUSDT,427812.82261618285
0.6702,0.6703,0.6689,0.6693,527804.0,AUDUSDT,353401.8099841538
0.6693,0.6697,0.6681,0.6684,842997.0,AUDUSDT,563771.3461517433
0.6684,0.6701,0.6683,0.67,560379.0,AUDUSDT,374946.9196691245
0.67,0.6705,0.6698,0.6704,631148.0,AUDUSDT,422913.39344191353
0.6704,0.6705,0.6698,0.6698,412557.0,AUDUSDT,276421.4790668807
0.6698,0.671,0.6692,0.6692,615852.0,AUDUSDT,412433.0930898241
0.6692,0.6697,0.6689,0.6691,605580.0,AUDUSDT,405205.83059492044
0.669,0.6697,0.6686,0.6686,458421.0,AUDUSDT,306624.1789438942
0.6686,0.6699,0.668,0.669,307316.0,AUDUSDT,205523.80970984377
0.669,0.6691,0.6676,0.6679,508136.0,AUDUSDT,339584.93205506925
0.6679,0.6679,0.6667,0.6673,523133.0,AUDUSDT,349110.4590503309
0.6673,0.6674,0.6668,0.667,92229.0,AUDUSDT,61518.639374077095
0.667,0.6671,0.6666,0.6669,64335.0,AUDUSDT,42898.294720449674
0.6669,0.6672,0.6668,0.6668,188578.0,AUDUSDT,125747.69376624614
0.6668,0.667,0.6666,0.6667,95256.0,AUDUSDT,63504.37623329793
0.6666,0.6669,0.6666,0.6667,90815.0,AUDUSDT,60536.88196726372
0.6667,0.6689,0.6667,0.6675,266209.0,AUDUSDT,177653.3810586018
0.6675,0.6678,0.6666,0.6666,211308.0,AUDUSDT,140946.78082661075
0.6667,0.6675,0.6666,0.6671,277036.0,AUDUSDT,184747.15940372102
0.6671,0.668,0.6671,0.6675,327992.0,AUDUSDT,218875.79023001308
0.6676,0.6681,0.6667,0.6668,421351.0,AUDUSDT,281123.5055243839
0.6668,0.6685,0.6668,0.6685,367497.0,AUDUSDT,245320.96104030553
0.6684,0.6691,0.6679,0.668,501329.0,AUDUSDT,335010.78300022415
0.668,0.6681,0.6666,0.6666,326294.0,AUDUSDT,217710.0557043272
0.6666,0.6669,0.6662,0.6664,666146.0,AUDUSDT,443933.45398619707
0.6663,0.6666,0.6661,0.6661,458184.0,AUDUSDT,305228.75355694286
0.6662,0.6665,0.665,0.665,522173.0,AUDUSDT,347543.09538453165
0.665,0.6656,0.6647,0.6649,953973.0,AUDUSDT,634340.4221081316
0.6648,0.6674,0.6647,0.6668,1292906.0,AUDUSDT,860843.6418770886
0.6669,0.668,0.6668,0.6672,378821.0,AUDUSDT,252719.27232832793
0.6672,0.6675,0.6667,0.6667,581907.0,AUDUSDT,388085.7523378145
0.6667,0.6667,0.6659,0.6667,429883.0,AUDUSDT,286472.16526059725
0.6667,0.6674,0.6663,0.6665,433262.0,AUDUSDT,288821.38488268194
0.6664,0.6668,0.6655,0.6655,436508.0,AUDUSDT,290690.63865518523
0.6655,0.6666,0.6655,0.6665,167475.0,AUDUSDT,111525.07489085221
0.6665,0.6677,0.6665,0.6676,238633.0,AUDUSDT,159161.18788971825
0.6676,0.6687,0.6676,0.6687,167958.0,AUDUSDT,112203.56948089306
0.6687,0.6687,0.667,0.667,229441.0,AUDUSDT,153208.1833534969
0.667,0.6675,0.667,0.667,274957.0,AUDUSDT,183401.97255069573
0.667,0.6674,0.667,0.6673,121188.0,AUDUSDT,80840.94626830946
0.6674,0.6691,0.6673,0.6682,555716.0,AUDUSDT,371160.1737770136
0.6682,0.6682,0.6672,0.6674,317257.0,AUDUSDT,211815.19688896803
0.6674,0.6675,0.6668,0.6674,267617.0,AUDUSDT,178546.1778943732
0.6673,0.6679,0.6666,0.6678,383063.0,AUDUSDT,255616.22321465737
0.6677,0.6682,0.6658,0.6662,603108.0,AUDUSDT,402194.9848166281
0.6662,0.6709,0.6661,0.6709,1157680.0,AUDUSDT,773816.8620026559
0.6709,0.6737,0.6674,0.6737,2300285.0,AUDUSDT,1544227.0695255734
0.6737,0.6761,0.6686,0.676,1218131.0,AUDUSDT,820404.5871523377
0.676,0.6791,0.6721,0.6787,829180.0,AUDUSDT,560831.7285459347
0.6787,0.68,0.6774,0.6776,682642.0,AUDUSDT,463048.8971950101
0.6776,0.6807,0.6776,0.6782,436041.0,AUDUSDT,295818.4019031583
0.6782,0.6837,0.6781,0.6835,577966.0,AUDUSDT,393460.9942869309
0.6835,0.6846,0.676,0.6822,380240.0,AUDUSDT,259121.5061766891
0.6822,0.687,0.6822,0.687,434280.0,AUDUSDT,297261.5444188236
0.687,0.6889,0.687,0.6886,314550.0,AUDUSDT,216337.20835723032
0.6886,0.6897,0.678,0.6799,599479.0,AUDUSDT,410009.41292636225
0.6799,0.68,0.6786,0.6799,289210.0,AUDUSDT,196516.3465489902
0.6799,0.68,0.678,0.678,134701.0,AUDUSDT,91444.29362937358
0.6781,0.6796,0.6752,0.6779,103553.0,AUDUSDT,70166.88175474893
0.6779,0.6799,0.6779,0.6799,35107.0,AUDUSDT,23830.411065022934
0.6799,0.6799,0.6728,0.673,87744.0,AUDUSDT,59340.75035098752
0.6729,0.6754,0.6728,0.674,34153.0,AUDUSDT,23007.835134447632
0.6739,0.6778,0.6739,0.6772,66451.0,AUDUSDT,44893.91145773342
0.6773,0.6799,0.6772,0.6794,70581.0,AUDUSDT,47878.1829468821
0.6794,0.6796,0.6735,0.6764,49098.0,AUDUSDT,33245.18770096802
0.6765,0.68,0.6755,0.68,152561.0,AUDUSDT,103420.1650381551
0.68,0.68,0.6793,0.68,62905.0,AUDUSDT,42757.69685949111
0.68,0.68,0.6798,0.68,185149.0,AUDUSDT,125872.35414760781
0.68,0.685,0.6799,0.6848,441487.0,AUDUSDT,301234.60031453666
0.6848,0.685,0.6841,0.685,105627.0,AUDUSDT,72314.12502618213
0.6849,0.6885,0.6843,0.6872,191930.0,AUDUSDT,131686.5454934367
0.6876,0.6896,0.6858,0.6884,120598.0,AUDUSDT,82940.34795551533
0.6884,0.6894,0.6874,0.6883,108361.0,AUDUSDT,74581.32584032165
0.6883,0.691,0.6862,0.6904,228989.0,AUDUSDT,157742.99774214815
0.6904,0.6913,0.6866,0.6886,185916.0,AUDUSDT,128117.89510312908
0.6886,0.691,0.6767,0.6895,223166.0,AUDUSDT,153168.3184453254
0.6896,0.6905,0.6847,0.6849,169831.0,AUDUSDT,116727.79857693134
0.6847,0.6899,0.6841,0.6895,88107.0,AUDUSDT,60524.4377657085
0.6895,0.691,0.6864,0.691,83020.0,AUDUSDT,57231.25354442002
0.691,0.692,0.6907,0.692,45254.0,AUDUSDT,31284.848540114974
0.692,0.692,0.6862,0.6915,113890.0,AUDUSDT,78620.1933316162
0.6915,0.6918,0.6876,0.6913,75076.0,AUDUSDT,51835.61566378671
0.6914,0.6932,0.691,0.6932,87117.0,AUDUSDT,60292.94706125253
0.6932,0.694,0.6909,0.6914,65887.0,AUDUSDT,45611.370047005104
0.6914,0.6935,0.6905,0.6905,48699.0,AUDUSDT,33668.86933822254
0.6906,0.6908,0.6878,0.6891,29095.0,AUDUSDT,20060.043733446957
0.689,0.6922,0.689,0.6922,22826.0,AUDUSDT,15761.16780284682
0.6921,0.6922,0.6907,0.6911,12491.0,AUDUSDT,8636.486521339773
0.6908,0.6911,0.6908,0.6911,15584.0,AUDUSDT,10766.079106420559
0.6908,0.6911,0.6908,0.6911,50766.0,AUDUSDT,35071.27643201656
0.6909,0.6911,0.6903,0.6907,67549.0,AUDUSDT,46652.16720969754
0.6906,0.6907,0.6906,0.6906,106283.0,AUDUSDT,73390.20583935421
0.6906,0.6907,0.6906,0.6906,35100.0,AUDUSDT,24237.14258123437
0.6906,0.6907,0.6855,0.6858,111875.0,AUDUSDT,76974.72896939529
0.6858,0.6861,0.6857,0.6861,101439.0,AUDUSDT,69568.65339706196
0.686,0.686,0.6833,0.6833,116580.0,AUDUSDT,79804.00172739464
0.6833,0.6833,0.6799,0.6803,52925.0,AUDUSDT,36073.32433685512
0.68,0.6803,0.6798,0.68,85582.0,AUDUSDT,58188.788668825444
0.6803,0.6803,0.6786,0.6795,112870.0,AUDUSDT,76702.9075297045
0.6795,0.6796,0.6777,0.6782,99382.0,AUDUSDT,67444.97233638713
0.6782,0.6794,0.6766,0.6771,437089.0,AUDUSDT,296223.47037975944
0.6771,0.6794,0.6766,0.6794,126242.0,AUDUSDT,85594.45434010407
0.6793,0.6794,0.671,0.6785,109368.0,AUDUSDT,74036.0122475312
0.6787,0.6794,0.6772,0.6772,61384.0,AUDUSDT,41619.50844578625
0.6771,0.6794,0.6767,0.6781,68382.0,AUDUSDT,46343.77289638657
0.6779,0.6794,0.6779,0.6794,80215.0,AUDUSDT,54429.387495228635
0.6793,0.6798,0.6792,0.6797,40747.0,AUDUSDT,27683.252008333424
0.6796,0.6799,0.6796,0.6798,23264.0,AUDUSDT,15810.646855688277
0.6798,0.6805,0.6798,0.6798,60710.0,AUDUSDT,41274.819665263756
0.6798,0.68,0.6785,0.6789,23031.0,AUDUSDT,15642.509081778135
0.679,0.6805,0.6789,0.6805,17317.0,AUDUSDT,11768.955106600495
0.6804,0.6805,0.6802,0.6804,16507.0,AUDUSDT,11229.191919757932
0.6804,0.6808,0.6794,0.6795,31743.0,AUDUSDT,21582.654281443833
0.6795,0.6806,0.6795,0.6805,21874.0,AUDUSDT,14872.538189594632
0.6805,0.6809,0.6804,0.6808,61207.0,AUDUSDT,41654.0225917507
0.6808,0.682,0.6804,0.6818,72095.0,AUDUSDT,49107.02984077969
0.6818,0.6836,0.6805,0.682,188560.0,AUDUSDT,128573.0747336007
0.682,0.69,0.6814,0.6836,92298.0,AUDUSDT,63145.01959938743
0.6835,0.6872,0.6821,0.6856,103982.0,AUDUSDT,71174.93301961434
0.6855,0.6873,0.6855,0.6873,37283.0,AUDUSDT,25587.04492093464
0.6872,0.69,0.6872,0.6885,79533.0,AUDUSDT,54728.02991043829
0.6885,0.6899,0.688,0.6888,54849.0,AUDUSDT,37774.076742377634
0.6888,0.6898,0.6888,0.6896,28972.0,AUDUSDT,19965.82486072095
0.6895,0.69,0.6891,0.6895,95636.0,AUDUSDT,65933.0894587105
0.6895,0.6913,0.6868,0.6913,68634.0,AUDUSDT,47331.17479441649
0.6912,0.6917,0.6873,0.6896,60714.0,AUDUSDT,41883.06647931583
0.6896,0.6924,0.6883,0.6917,103670.0,AUDUSDT,71572.92850366574
0.6917,0.6917,0.6832,0.6833,78010.0,AUDUSDT,53621.52898528039
0.6833,0.6853,0.6811,0.6837,140508.0,AUDUSDT,96001.1104730012
0.6835,0.6855,0.6816,0.6855,63099.0,AUDUSDT,43154.53657450649
0.6854,0.688,0.6851,0.6875,64773.0,AUDUSDT,44459.70324367252
0.6877,0.6888,0.6857,0.6888,39018.0,AUDUSDT,26830.428538751774
0.6887,0.6904,0.6878,0.6878,80153.0,AUDUSDT,55190.72581405309
0.6878,0.6924,0.6824,0.6824,170470.0,AUDUSDT,116966.72349237936
0.6824,0.6849,0.6813,0.6843,24846.0,AUDUSDT,16972.750849822805
0.6843,0.6918,0.684,0.6886,70354.0,AUDUSDT,48337.941460417336
0.6886,0.6904,0.6841,0.6904,87037.0,AUDUSDT,59904.715323447315
0.6904,0.6939,0.6901,0.6916,200521.0,AUDUSDT,138638.56423449668
0.6918,0.6942,0.6916,0.694,63672.0,AUDUSDT,44111.42207562636
0.694,0.695,0.6902,0.6926,127546.0,AUDUSDT,88369.16434124041
0.6926,0.6948,0.6896,0.6926,84817.0,AUDUSDT,58718.09704262526
0.6926,0.695,0.6919,0.6931,88929.0,AUDUSDT,61631.4864301044
0.6931,0.6935,0.686,0.6871,67286.0,AUDUSDT,46415.02613994475
0.6871,0.6938,0.6871,0.6922,127736.0,AUDUSDT,88130.42782129446
0.692,0.6949,0.692,0.6943,145404.0,AUDUSDT,100792.81161473454
0.6943,0.698,0.6831,0.6967,175421.0,AUDUSDT,121552.10656326391
0.6967,0.698,0.6941,0.6979,102455.0,AUDUSDT,71366.66292459807
0.6979,0.7022,0.6979,0.7022,154473.0,AUDUSDT,108121.89451715758
0.7022,0.715,0.7013,0.7148,660770.0,AUDUSDT,467966.63860205037
0.7149,0.7489,0.7078,0.7105,1388943.0,AUDUSDT,1000611.484820323
0.7112,0.7295,0.7103,0.7249,452262.0,AUDUSDT,325114.1668580645
0.7257,0.781,0.7174,0.718,1606428.0,AUDUSDT,1181382.9802366917
0.718,0.7252,0.7112,0.7169,446806.0,AUDUSDT,320678.30690067145
0.715,0.7197,0.7023,0.7075,191163.0,AUDUSDT,135919.50684457988
0.7072,0.717,0.7072,0.713,97219.0,AUDUSDT,69121.60821794262
0.7132,0.7143,0.7047,0.7096,53716.0,AUDUSDT,38156.55785558409
0.7096,0.7182,0.7095,0.7147,51511.0,AUDUSDT,36721.59333445335
0.7147,0.7163,0.7101,0.7155,54939.0,AUDUSDT,39228.54465977363
0.7155,0.72,0.7109,0.7166,47723.0,AUDUSDT,34152.38985623351
0.717,0.735,0.717,0.7187,185090.0,AUDUSDT,133600.17986706897
0.7187,0.7233,0.716,0.7196,56581.0,AUDUSDT,40697.999130657336
0.7195,0.7345,0.7188,0.7321,148920.0,AUDUSDT,108132.49620720315
0.7315,0.7497,0.7294,0.7485,182069.0,AUDUSDT,134669.00874070995
0.7485,0.7698,0.7336,0.7398,237892.0,AUDUSDT,177897.51988268463
0.7398,0.769,0.7261,0.7274,335238.0,AUDUSDT,248230.01535654638
0.7272,0.7638,0.7249,0.7622,225540.0,AUDUSDT,167893.88059762132
0.7616,0.7621,0.7295,0.7479,407526.0,AUDUSDT,305708.7034590213
0.7479,0.7503,0.7421,0.7497,102148.0,AUDUSDT,76343.6765261235
0.7493,0.7503,0.7488,0.7503,140467.0,AUDUSDT,105288.11279014788
0.7503,0.7503,0.7471,0.7503,139692.0,AUDUSDT,104682.7633474413
0.7501,0.7638,0.7401,0.7623,218763.0,AUDUSDT,164937.88415632083
0.7623,0.7644,0.7428,0.7595,192723.0,AUDUSDT,145916.6449225665
0.7595,0.77,0.7461,0.7688,387462.0,AUDUSDT,294851.16202327027
0.7688,0.7699,0.7521,0.7681,167341.0,AUDUSDT,127949.81254557347
0.7676,0.78,0.7624,0.7753,288678.0,AUDUSDT,222629.70021339032
0.7742,0.78,0.7723,0.7793,104113.0,AUDUSDT,80825.88357674304
0.7799,0.78,0.7692,0.777,135288.0,AUDUSDT,105038.06791580199
0.7767,0.7799,0.7666,0.7668,89971.0,AUDUSDT,69491.71686836137
0.7673,0.7696,0.735,0.7533,304199.0,AUDUSDT,230029.68691408573
0.753,0.7563,0.7462,0.7462,42013.0,AUDUSDT,31522.66987835506
0.7462,0.7472,0.7352,0.7367,53859.0,AUDUSDT,39920.772599521944
0.7359,0.7576,0.7358,0.7414,173958.0,AUDUSDT,129174.0322889649
0.7414,0.771,0.7414,0.7701,126191.0,AUDUSDT,95382.30678688623
0.7699,0.7714,0.745,0.7502,98975.0,AUDUSDT,75122.63458516922
0.7511,0.763,0.746,0.7468,131120.0,AUDUSDT,98550.7514642079
0.7468,0.76,0.746,0.7594,50667.0,AUDUSDT,38148.81121851001
0.7594,0.7622,0.7573,0.7574,70532.0,AUDUSDT,53530.69635735475
0.7574,0.7605,0.7562,0.7604,97974.0,AUDUSDT,74313.89008894382
0.7599,0.7605,0.7575,0.7598,158795.0,AUDUSDT,120574.01405762041
0.7597,0.7605,0.7442,0.7505,304639.0,AUDUSDT,229578.08419856045
0.7506,0.7598,0.7369,0.7444,283550.0,AUDUSDT,212040.9335443614
0.7442,0.745,0.7366,0.7385,282985.0,AUDUSDT,209680.27828780562
0.739,0.745,0.7372,0.7384,141599.0,AUDUSDT,104752.69849737934
0.7396,0.745,0.7384,0.7447,119102.0,AUDUSDT,88350.91784817615
0.7445,0.7566,0.7441,0.7526,148497.0,AUDUSDT,111273.65403195044
0.7522,0.7558,0.7465,0.7465,148526.0,AUDUSDT,111414.18687808869
0.7462,0.754,0.7459,0.7515,192185.0,AUDUSDT,144000.89213062456
0.7515,0.754,0.7458,0.7517,215722.0,AUDUSDT,161927.93771221567
0.7519,0.754,0.7433,0.7433,212153.0,AUDUSDT,158692.1159844228
0.7437,0.7484,0.7215,0.7261,419601.0,AUDUSDT,308326.988777276
0.7263,0.7428,0.7221,0.7253,160836.0,AUDUSDT,117251.18995218232
0.7274,0.7359,0.7215,0.7248,160506.0,AUDUSDT,116733.78686431817
0.7249,0.7261,0.7215,0.7226,57828.0,AUDUSDT,41847.90838417742
0.7224,0.7459,0.7202,0.7358,181973.0,AUDUSDT,133015.08420313688
0.7358,0.7392,0.731,0.7324,34606.0,AUDUSDT,25417.58785359222
0.7329,0.7369,0.7077,0.7127,399482.0,AUDUSDT,288600.5316126749
0.7126,0.7162,0.7101,0.7101,87433.0,AUDUSDT,62264.405231152145
0.71,0.7211,0.7078,0.7175,94231.0,AUDUSDT,67279.82279459598
0.717,0.7266,0.7168,0.7259,84056.0,AUDUSDT,60643.21301853129
0.7259,0.75,0.7213,0.7229,265534.0,AUDUSDT,193816.1116869453
0.7229,0.725,0.7189,0.7237,120025.0,AUDUSDT,86719.48756357639
0.7238,0.725,0.7161,0.7189,163100.0,AUDUSDT,117568.53676376023
0.7189,0.7215,0.7145,0.7172,306354.0,AUDUSDT,219935.3945729804
0.7172,0.72,0.71,0.7181,184008.0,AUDUSDT,131788.89581798454
0.7188,0.72,0.7171,0.7193,85304.0,AUDUSDT,61306.91609954544
0.7193,0.7364,0.7184,0.7344,114156.0,AUDUSDT,82992.68696056117
0.7344,0.7367,0.7307,0.7327,98237.0,AUDUSDT,72057.83670440098
0.7327,0.7484,0.7322,0.7404,201547.0,AUDUSDT,148804.044554379
0.7405,0.7484,0.7355,0.7466,237316.0,AUDUSDT,176238.86448584354
0.7466,0.7471,0.7386,0.7395,289952.0,AUDUSDT,215386.1144242985
0.7398,0.746,0.7168,0.7273,494813.0,AUDUSDT,362381.41248227697
0.7273,0.735,0.723,0.7263,173489.0,AUDUSDT,126262.87355222269
0.7263,0.7354,0.7217,0.7354,118927.0,AUDUSDT,86767.44632945606
0.7354,0.7441,0.7354,0.7395,79989.0,AUDUSDT,59070.62644550613
0.7395,0.746,0.739,0.742,104835.0,AUDUSDT,77736.0853853862
0.7418,0.7458,0.7377,0.738,53323.0,AUDUSDT,39496.82727855359
0.7381,0.7455,0.7338,0.7427,69504.0,AUDUSDT,51426.645498090715
0.7429,0.7458,0.7377,0.7458,56946.0,AUDUSDT,42307.10108630428
0.7452,0.7458,0.744,0.7458,14157.0,AUDUSDT,10548.144829373581
0.7458,0.7458,0.7421,0.7458,35763.0,AUDUSDT,26634.79429508795
0.7458,0.746,0.7374,0.7433,73449.0,AUDUSDT,54573.24334606903
0.7439,0.746,0.7439,0.7456,131585.0,AUDUSDT,97995.743614291
0.7453,0.746,0.744,0.746,53398.0,AUDUSDT,39792.633837786
0.746,0.746,0.7452,0.746,19082.0,AUDUSDT,14229.127681280821
0.7456,0.75,0.7455,0.7483,97502.0,AUDUSDT,72856.71219586098
0.7479,0.7553,0.7448,0.7551,84355.0,AUDUSDT,63321.710559086685
0.7551,0.7785,0.7548,0.7767,221015.0,AUDUSDT,169331.75608796848
0.7772,0.78,0.7772,0.7788,88615.0,AUDUSDT,68958.25739451802
0.7789,0.79,0.7787,0.785,202828.0,AUDUSDT,158819.8810546693
0.785,0.7897,0.7777,0.789,39869.0,AUDUSDT,31306.217394297066
0.7893,0.7994,0.7881,0.7951,186189.8,AUDUSDT,147620.74300924066
0.7956,0.8,0.7951,0.8,176419.0,AUDUSDT,140702.9953222071
0.8,0.8198,0.7976,0.7976,409167.2,AUDUSDT,328816.65269315266
0.7975,0.7986,0.7388,0.7601,312660.0,AUDUSDT,241882.80231832873
0.7602,0.7862,0.76,0.7861,128238.0,AUDUSDT,99128.48275621294
0.7855,0.7959,0.7374,0.7423,302098.0,AUDUSDT,231151.85446124995
0.742,0.7789,0.738,0.7682,474878.0,AUDUSDT,359319.5381687526
0.7682,0.782,0.7664,0.7793,193091.0,AUDUSDT,149424.2107021672
