open,high,low,close,volume,name,avg
7.6,7.63,7.58,7.59,36145.1,JOETRY,274702.76
7.61,7.61,7.55,7.57,40372.7,JOETRY,306226.92949999997
7.56,7.6,7.5,7.56,130199.0,JOETRY,983653.445
7.6,7.78,7.55,7.7,245398.2,JOETRY,1879136.7165
7.69,7.94,7.66,7.81,588112.2,JOETRY,4572572.3549999995
7.8,7.96,7.74,7.84,366575.2,JOETRY,2872116.6920000003
7.85,7.89,7.76,7.78,175226.4,JOETRY,1370270.448
7.79,7.88,7.71,7.74,193011.2,JOETRY,1501627.136
7.75,7.82,7.72,7.79,234519.5,JOETRY,1822216.515
7.8,7.88,7.77,7.81,172089.6,JOETRY,1344880.224
7.81,7.84,7.73,7.73,153634.1,JOETRY,1194889.21275
7.74,7.79,7.66,7.7,82280.6,JOETRY,635411.9335
7.7,7.7,7.6,7.64,71264.3,JOETRY,545884.5380000001
7.63,7.63,7.49,7.6,64413.4,JOETRY,488736.67250000004
7.6,7.6,7.5,7.53,71485.7,JOETRY,540253.17775
7.56,7.66,7.5,7.65,76043.4,JOETRY,577359.5144999999
7.64,7.74,7.64,7.66,151635.7,JOETRY,1163045.8190000001
7.7,7.7,7.63,7.63,35959.4,JOETRY,275628.80100000004
7.63,7.68,7.59,7.59,31962.3,JOETRY,243632.63174999997
7.6,7.61,7.58,7.6,27658.5,JOETRY,210135.45375000002
7.6,7.6,7.55,7.56,12975.1,JOETRY,98318.82025
7.59,7.59,7.48,7.5,29049.0,JOETRY,219029.46
7.51,7.77,7.49,7.74,68262.8,JOETRY,520674.507
7.75,8.3,7.75,8.16,417675.1,JOETRY,3337224.049
8.17,8.17,7.82,7.85,111733.1,JOETRY,894144.13275
7.85,7.98,7.85,7.92,82282.6,JOETRY,650032.54
7.9,8.01,7.87,7.88,152927.7,JOETRY,1210422.7455000002
7.87,7.89,7.78,7.78,142692.9,JOETRY,1117285.407
7.8,7.87,7.76,7.78,122058.9,JOETRY,952364.56725
7.8,7.84,7.7,7.7,55198.1,JOETRY,428337.256
7.71,7.76,7.67,7.68,99831.9,JOETRY,769204.7895
7.67,7.67,7.61,7.66,76247.7,JOETRY,583485.52425
7.65,7.74,7.61,7.68,133133.3,JOETRY,1021132.4109999998
7.68,7.7,7.55,7.57,100741.3,JOETRY,768152.4125
7.57,7.59,7.48,7.48,104340.9,JOETRY,785686.977
7.49,7.54,7.45,7.49,66185.5,JOETRY,495894.85874999996
7.49,7.51,7.47,7.51,56431.6,JOETRY,422954.84199999995
7.53,7.54,7.47,7.52,18736.1,JOETRY,140801.7915
7.52,7.59,7.5,7.56,65041.1,JOETRY,490572.49674999993
7.6,7.67,7.57,7.61,96155.5,JOETRY,731983.74375
7.64,8.07,7.64,7.95,503226.4,JOETRY,3937746.58
7.95,8.76,7.92,8.47,1756101.4,JOETRY,14531739.084999999
8.46,8.46,8.17,8.17,1366196.9,JOETRY,11359927.2235
8.18,8.27,8.16,8.2,526708.3,JOETRY,4320324.830750001
8.22,8.24,8.16,8.19,131428.5,JOETRY,1078042.27125
8.21,8.21,8.05,8.09,45993.6,JOETRY,374387.90400000004
8.09,8.32,8.07,8.15,148230.9,JOETRY,1209193.56675
8.15,8.23,8.09,8.23,136244.1,JOETRY,1113795.5175
8.22,8.27,8.22,8.26,61438.1,JOETRY,506403.53925
8.27,8.27,8.11,8.11,201141.9,JOETRY,1647352.1609999998
8.12,8.17,8.1,8.11,79911.3,JOETRY,649279.3125
8.12,8.17,8.11,8.14,98017.3,JOETRY,797370.7355
8.14,8.14,8.03,8.03,134704.4,JOETRY,1089085.074
8.04,8.04,7.97,7.99,117632.3,JOETRY,942234.723
7.99,8.15,7.97,8.11,309555.8,JOETRY,2493471.969
8.1,8.12,7.94,7.95,278282.2,JOETRY,2233910.3605
7.96,8.01,7.88,7.88,57479.7,JOETRY,455957.72024999995
7.88,7.93,7.83,7.83,200855.5,JOETRY,1580230.64625
7.84,7.88,7.82,7.85,77810.6,JOETRY,610618.6835
7.85,7.91,7.82,7.84,90375.9,JOETRY,709902.6944999999
7.86,7.88,7.8,7.81,21053.3,JOETRY,165005.23875
7.82,7.86,7.79,7.86,68970.6,JOETRY,540212.2245
7.86,8.04,7.77,7.84,699035.9,JOETRY,5506655.30225
7.81,7.96,7.8,7.84,218660.2,JOETRY,1717029.2205
7.82,7.82,7.73,7.75,195135.4,JOETRY,1518153.412
7.75,7.78,7.71,7.77,130736.7,JOETRY,1013536.2667500001
7.77,7.95,7.76,7.94,218255.0,JOETRY,1714393.025
7.94,8.05,7.94,8.0,65208.5,JOETRY,520526.85125000007
8.0,8.04,7.85,7.85,35387.6,JOETRY,280800.606
7.86,7.86,7.71,7.74,130613.6,JOETRY,1017806.4780000001
7.74,7.75,7.57,7.57,88774.0,JOETRY,679786.905
7.57,7.59,7.54,7.55,35470.4,JOETRY,268244.9
7.54,7.71,7.53,7.64,130748.9,JOETRY,994345.3845
7.63,7.67,7.6,7.65,53000.0,JOETRY,404787.49999999994
7.65,7.67,7.59,7.63,151127.5,JOETRY,1153858.4625
7.62,7.64,7.58,7.63,78897.7,JOETRY,601003.2297499999
7.61,7.66,7.55,7.58,105518.5,JOETRY,801940.6
7.58,7.68,7.56,7.66,148238.3,JOETRY,1129575.846
7.66,7.67,7.6,7.65,42280.0,JOETRY,323230.6
7.65,7.65,7.62,7.65,71598.8,JOETRY,547193.829
7.65,7.66,7.57,7.61,137083.1,JOETRY,1044915.9297500001
7.63,7.66,7.61,7.64,115908.4,JOETRY,884960.634
7.64,7.66,7.62,7.62,67725.2,JOETRY,517081.902
7.63,7.63,7.57,7.59,71704.8,JOETRY,545315.004
7.6,7.75,7.57,7.67,235913.6,JOETRY,1804149.2560000003
7.67,7.7,7.64,7.66,167826.5,JOETRY,1286809.68875
7.66,7.75,7.65,7.67,133128.9,JOETRY,1022762.7742500001
7.67,7.68,7.63,7.66,181305.1,JOETRY,1388797.066
7.65,7.65,7.62,7.65,97283.1,JOETRY,743486.09175
7.65,7.66,7.61,7.62,47916.5,JOETRY,365842.47750000004
7.62,7.66,7.62,7.65,71636.2,JOETRY,547121.4775
7.65,7.66,7.63,7.66,61417.7,JOETRY,469845.405
7.66,7.66,7.62,7.63,11098.0,JOETRY,84816.465
7.61,7.61,7.5,7.5,82165.4,JOETRY,620759.597
7.51,7.55,7.51,7.55,26791.4,JOETRY,201739.24200000003
7.56,7.58,7.44,7.46,71290.1,JOETRY,535388.6510000001
7.5,7.51,7.48,7.49,7842.0,JOETRY,58775.79000000001
7.5,7.51,7.49,7.51,9489.5,JOETRY,71194.97374999999
7.5,7.51,7.46,7.5,25668.2,JOETRY,192318.9885
7.48,7.49,7.45,7.47,61054.0,JOETRY,456226.015
7.46,7.49,7.45,7.49,48441.2,JOETRY,361976.86699999997
7.49,7.54,7.48,7.54,72747.2,JOETRY,546513.34
7.54,7.54,7.5,7.52,62493.3,JOETRY,470262.08249999996
7.52,7.54,7.51,7.51,19330.4,JOETRY,145364.608
7.51,7.52,7.47,7.49,91515.6,JOETRY,686138.2110000001
7.51,7.57,7.5,7.53,92235.4,JOETRY,694301.9735
7.54,7.55,7.53,7.55,45320.6,JOETRY,341830.6255
7.54,7.55,7.52,7.55,43199.6,JOETRY,325724.984
7.56,7.56,7.53,7.55,57113.8,JOETRY,431209.19
7.54,7.55,7.52,7.52,39421.3,JOETRY,296940.94225
7.52,7.57,7.5,7.55,141455.2,JOETRY,1065864.932
7.56,7.56,7.52,7.52,48426.1,JOETRY,365132.794
7.52,7.55,7.48,7.54,98611.9,JOETRY,741808.01775
7.54,7.56,7.52,7.52,40257.0,JOETRY,303336.495
7.53,7.53,7.52,7.52,34957.9,JOETRY,263058.1975
7.54,7.54,7.51,7.53,25262.7,JOETRY,190228.13100000002
7.53,7.53,7.52,7.53,1325.2,JOETRY,9975.443
7.51,7.56,7.5,7.56,9180.7,JOETRY,69153.62275000001
7.56,7.57,7.47,7.48,22531.6,JOETRY,169437.63199999998
7.48,7.5,7.47,7.5,38979.3,JOETRY,291857.50875000004
7.51,7.53,7.51,7.52,9346.6,JOETRY,70263.0655
7.52,7.52,7.47,7.49,11492.5,JOETRY,86193.75
7.48,7.5,7.48,7.5,9356.4,JOETRY,70079.436
7.5,7.54,7.47,7.54,50283.2,JOETRY,377752.5399999999
7.53,7.66,7.51,7.61,407203.2,JOETRY,3085582.248
7.61,7.63,7.56,7.56,210402.9,JOETRY,1596958.011
7.57,7.62,7.56,7.57,93899.5,JOETRY,711758.21
7.59,7.59,7.5,7.51,101723.7,JOETRY,767759.6257499999
7.5,7.5,7.4,7.42,146584.6,JOETRY,1092788.193
7.43,7.46,7.42,7.46,57957.5,JOETRY,431348.69375000003
7.46,7.47,7.38,7.39,91826.3,JOETRY,681810.2775
7.4,7.41,7.31,7.33,99149.5,JOETRY,729988.1937500001
7.33,7.36,7.23,7.26,192556.5,JOETRY,1404699.6675
7.26,7.31,7.18,7.21,215757.3,JOETRY,1562082.852
7.21,7.26,7.21,7.24,110280.3,JOETRY,797326.569
7.24,7.28,7.23,7.26,46515.3,JOETRY,337352.21325
7.26,7.31,7.25,7.29,71662.7,JOETRY,521525.29925
7.3,7.3,7.28,7.29,26111.9,JOETRY,190421.03075
7.25,7.27,7.2,7.27,69053.0,JOETRY,500461.6175
7.27,7.3,7.27,7.27,7160.4,JOETRY,52109.810999999994
7.27,7.27,7.24,7.24,5366.3,JOETRY,38932.5065
7.26,7.28,7.13,7.19,79850.7,JOETRY,576122.8005
7.2,7.22,7.16,7.19,12758.7,JOETRY,91766.94975
7.19,7.31,7.19,7.3,18302.7,JOETRY,132648.81825
7.3,7.3,7.26,7.26,11086.8,JOETRY,80711.90399999998
7.24,7.29,7.22,7.29,15532.7,JOETRY,112767.402
7.29,7.3,7.25,7.27,39478.0,JOETRY,287301.145
7.28,7.36,7.28,7.33,37911.9,JOETRY,277230.76875
7.32,7.34,7.3,7.31,10622.4,JOETRY,77729.412
7.32,7.38,7.32,7.37,30104.6,JOETRY,221193.5485
7.35,7.4,7.35,7.39,71802.4,JOETRY,529363.194
7.4,7.55,7.38,7.55,163984.6,JOETRY,1224964.962
7.54,7.57,7.47,7.5,99248.2,JOETRY,746346.4639999999
7.51,7.54,7.46,7.46,107811.6,JOETRY,807778.4130000001
7.46,7.58,7.44,7.55,328918.1,JOETRY,2469352.63575
7.56,7.61,7.49,7.6,336906.6,JOETRY,2548698.4289999995
7.6,7.7,7.55,7.69,424159.5,JOETRY,3238457.7825
7.69,7.7,7.6,7.65,202973.9,JOETRY,1554780.074
7.65,7.74,7.62,7.74,277882.5,JOETRY,2136221.71875
7.74,7.74,7.67,7.69,192112.0,JOETRY,1481183.52
7.7,7.71,7.62,7.64,76608.6,JOETRY,587396.4405
7.64,7.7,7.6,7.69,97453.4,JOETRY,746249.4104999999
7.68,7.73,7.67,7.71,101182.8,JOETRY,778854.603
7.71,7.74,7.67,7.7,36033.2,JOETRY,277635.8059999999
7.7,7.71,7.68,7.7,3314.7,JOETRY,25514.90325
7.69,7.71,7.67,7.69,1473.5,JOETRY,11331.215
7.65,7.72,7.61,7.7,13386.7,JOETRY,102675.989
7.71,7.77,7.7,7.77,16656.3,JOETRY,128878.12125
7.78,7.89,7.78,7.86,34966.0,JOETRY,273696.365
7.87,7.91,7.81,7.81,94053.8,JOETRY,738322.33
7.81,7.84,7.77,7.8,37952.3,JOETRY,296217.7015
7.8,7.83,7.73,7.74,125327.7,JOETRY,974422.8675
7.75,7.75,7.7,7.73,68547.9,JOETRY,530046.63675
7.74,7.77,7.71,7.77,53096.6,JOETRY,411365.90849999996
7.77,7.83,7.75,7.81,88646.0,JOETRY,690552.34
7.81,7.83,7.77,7.78,87770.6,JOETRY,684391.2535000001
7.79,7.79,7.72,7.72,76857.6,JOETRY,596030.6880000001
7.72,7.75,7.68,7.73,88337.2,JOETRY,681963.184
7.72,7.73,7.69,7.71,64604.2,JOETRY,498259.8925
7.73,7.77,7.72,7.77,23582.9,JOETRY,182708.51775
7.76,7.84,7.75,7.84,89832.7,JOETRY,700470.47825
7.81,7.81,7.75,7.76,55536.2,JOETRY,432210.47649999993
7.76,7.77,7.73,7.74,24743.6,JOETRY,191762.9
7.75,7.76,7.73,7.74,11107.9,JOETRY,86030.6855
7.74,7.77,7.72,7.75,43354.1,JOETRY,335777.5045
7.76,7.8,7.76,7.8,13856.0,JOETRY,107799.68000000001
7.8,7.8,7.75,7.76,15152.1,JOETRY,117845.45775
7.76,7.8,7.76,7.8,6712.4,JOETRY,52222.472
7.78,7.81,7.78,7.81,11799.7,JOETRY,91978.6615
7.79,7.79,7.7,7.71,3149.6,JOETRY,24401.526
7.7,7.72,7.69,7.7,22924.7,JOETRY,176577.50175
7.7,7.7,7.67,7.68,15371.1,JOETRY,118165.33125
7.68,7.68,7.45,7.49,45799.1,JOETRY,346928.18249999994
7.49,7.52,7.48,7.51,65604.9,JOETRY,492036.74999999994
7.51,7.52,7.46,7.47,32325.8,JOETRY,242120.24199999997
7.47,7.47,7.39,7.43,103722.1,JOETRY,771692.424
7.43,7.47,7.4,7.4,20297.4,JOETRY,150708.19499999998
7.4,7.51,7.3,7.51,197954.9,JOETRY,1470804.907
7.5,7.53,7.47,7.49,17878.6,JOETRY,134044.8035
7.48,7.5,7.43,7.44,9341.8,JOETRY,69713.1825
7.43,7.44,7.39,7.43,12302.1,JOETRY,91312.33725000001
7.43,7.5,7.43,7.44,27744.2,JOETRY,206694.29
7.44,7.46,7.31,7.38,44413.3,JOETRY,328547.38675
7.38,7.38,7.3,7.31,64513.0,JOETRY,473686.70249999996
7.3,7.32,7.24,7.3,24772.3,JOETRY,180590.067
7.31,7.34,7.3,7.32,48408.0,JOETRY,354225.54
7.32,7.38,7.3,7.34,5723.6,JOETRY,41982.606
7.34,7.36,7.32,7.32,12957.2,JOETRY,95041.062
7.32,7.39,7.32,7.36,3394.6,JOETRY,24941.8235
7.36,7.42,7.36,7.42,23804.0,JOETRY,175911.56000000003
7.42,7.44,7.4,7.42,22132.6,JOETRY,164223.892
7.41,7.41,7.39,7.41,5184.1,JOETRY,38388.260500000004
7.42,7.42,7.4,7.4,445.2,JOETRY,3298.932
7.38,7.38,7.3,7.3,3825.1,JOETRY,28076.234
7.3,7.3,7.18,7.25,41691.6,JOETRY,302576.787
7.28,7.29,7.25,7.27,7768.0,JOETRY,56492.78
7.27,7.29,7.25,7.29,5363.9,JOETRY,39022.3725
7.32,7.34,7.31,7.34,31444.1,JOETRY,230406.64274999997
7.33,7.38,7.32,7.38,31841.3,JOETRY,234113.15825
7.37,7.37,7.35,7.35,5207.1,JOETRY,38324.256
7.34,7.34,7.29,7.31,10063.8,JOETRY,73667.01599999999
7.31,7.38,7.31,7.37,10119.7,JOETRY,74303.89725000001
7.36,7.36,7.33,7.35,3817.1,JOETRY,28055.684999999998
7.36,7.36,7.3,7.3,16372.6,JOETRY,120011.15800000001
7.3,7.32,7.28,7.31,12387.4,JOETRY,90458.9885
7.33,7.38,7.33,7.35,42660.9,JOETRY,313450.96275
7.36,7.42,7.35,7.36,48135.3,JOETRY,354877.49925000005
7.37,7.4,7.35,7.4,61896.7,JOETRY,456797.6459999999
7.39,7.43,7.35,7.38,36364.0,JOETRY,268639.05
7.38,7.42,7.38,7.42,9375.9,JOETRY,69381.66
7.42,7.42,7.38,7.41,11734.3,JOETRY,86921.82724999999
7.42,7.43,7.4,7.41,16971.6,JOETRY,125844.41399999999
7.41,7.46,7.41,7.43,24011.5,JOETRY,178345.41625
7.44,7.45,7.4,7.43,39985.9,JOETRY,297095.237
7.39,7.4,7.38,7.4,10771.1,JOETRY,79625.35675
7.4,7.4,7.37,7.39,3628.4,JOETRY,26813.876000000004
7.38,7.39,7.36,7.37,3050.2,JOETRY,22495.225
7.37,7.37,7.33,7.33,3481.3,JOETRY,25587.555
7.34,7.38,7.31,7.33,3305.2,JOETRY,24260.167999999998
7.33,7.38,7.33,7.38,2731.4,JOETRY,20089.447
7.38,7.41,7.38,7.39,10062.5,JOETRY,74361.875
7.38,7.39,7.35,7.36,9541.6,JOETRY,70321.59199999999
7.38,7.38,7.33,7.34,11690.4,JOETRY,86012.118
7.33,7.39,7.33,7.37,25144.8,JOETRY,184940.004
7.37,7.38,7.35,7.38,20175.8,JOETRY,148695.646
7.38,7.4,7.37,7.38,13136.8,JOETRY,96982.42599999999
7.35,7.37,7.33,7.36,4686.6,JOETRY,34458.2265
7.36,7.37,7.34,7.35,64226.7,JOETRY,472387.3785
7.34,7.38,7.34,7.38,10342.1,JOETRY,76117.856
7.36,7.4,7.35,7.36,23487.4,JOETRY,173043.41950000002
