open,high,low,close,volume,name,avg
6780.0,6791.0,6756.0,6767.0,14.34605,YFIUSDT,97157.84470227009
6772.0,6798.0,6757.0,6795.0,7.39022,YFIUSDT,50101.58718395859
6796.0,6809.0,6764.0,6794.0,6.75425,YFIUSDT,45859.28407873087
6795.0,6806.0,6767.0,6785.0,6.07028,YFIUSDT,41200.16440610161
6785.0,6858.0,6782.0,6833.0,8.4151,YFIUSDT,57335.77324760844
6833.0,6838.0,6794.0,6804.0,7.60041,YFIUSDT,51805.83023973197
6805.0,6841.0,6796.0,6836.0,5.85555,YFIUSDT,39925.70782115003
6833.0,6845.0,6779.0,6783.0,9.87265,YFIUSDT,67222.28172300727
6778.0,6814.0,6773.0,6806.0,4.99345,YFIUSDT,33913.97795507207
6805.0,6855.0,6750.0,6847.0,16.90114,YFIUSDT,115150.66725346143
6845.0,6869.0,6826.0,6835.0,11.92182,YFIUSDT,81577.25614840697
6828.0,6865.0,6815.0,6842.0,13.69598,YFIUSDT,93631.68720912514
6843.0,6867.0,6835.0,6851.0,9.11751,YFIUSDT,62436.106297184655
6852.0,6877.0,6808.0,6850.0,18.95932,YFIUSDT,129789.51932642673
6849.0,6854.0,6793.0,6806.0,10.4964,YFIUSDT,71632.02693931317
6803.0,6830.0,6782.0,6790.0,8.42236,YFIUSDT,57273.65991705338
6791.0,6804.0,6770.0,6770.0,5.11463,YFIUSDT,34690.97077231299
6770.0,6797.0,6758.0,6771.0,3.59908,YFIUSDT,24376.373146863254
6771.0,6829.0,6770.0,6813.0,4.30231,YFIUSDT,29232.872377581647
6813.0,6829.0,6807.0,6815.0,3.41023,YFIUSDT,23240.509731526607
6815.0,6830.0,6795.0,6808.0,3.98085,YFIUSDT,27113.329353311372
6816.0,6821.0,6751.0,6820.0,11.72304,YFIUSDT,79727.70653062085
6816.0,6854.0,6809.0,6820.0,8.58331,YFIUSDT,58569.82710972282
6820.0,6826.0,6779.0,6787.0,6.04873,YFIUSDT,41143.10526873893
6785.0,6837.0,6785.0,6807.0,5.97999,YFIUSDT,40678.52936623515
6806.0,6836.0,6804.0,6808.0,7.06382,YFIUSDT,48121.84623860723
6808.0,6811.0,6765.0,6765.0,6.76428,YFIUSDT,45903.71340472973
6765.0,6772.0,6737.0,6768.0,13.88832,YFIUSDT,93877.37307216742
6767.0,6767.0,6713.0,6727.0,10.04653,YFIUSDT,67738.2299581627
6725.0,6775.0,6702.0,6761.0,9.97954,YFIUSDT,67259.11374421071
6753.0,6807.0,6743.0,6789.0,14.31463,YFIUSDT,96937.8982572637
6789.0,6810.0,6770.0,6789.0,9.13126,YFIUSDT,61987.0399852373
6789.0,6803.0,6724.0,6740.0,16.53078,YFIUSDT,111796.79204040505
6740.0,6748.0,6719.0,6727.0,9.07978,YFIUSDT,61129.18239155824
6724.0,6760.0,6716.0,6729.0,9.10471,YFIUSDT,61285.643302126366
6728.0,6735.0,6660.0,6704.0,14.97789,YFIUSDT,100437.32825369116
6705.0,6739.0,6683.0,6739.0,14.35452,YFIUSDT,96397.12703140828
6727.0,6732.0,6681.0,6730.0,12.21894,YFIUSDT,82067.95358446111
6731.0,6787.0,6722.0,6781.0,7.21539,YFIUSDT,48734.176642042745
6779.0,6828.0,6779.0,6798.0,15.70732,YFIUSDT,106730.33155774303
6800.0,6889.0,6800.0,6860.0,27.94237,YFIUSDT,191019.2325104312
6862.0,6886.0,6812.0,6828.0,14.55518,YFIUSDT,99643.80548723736
6834.0,6841.0,6801.0,6822.0,10.78841,YFIUSDT,73614.04423529541
6825.0,6830.0,6796.0,6806.0,4.70912,YFIUSDT,32084.126288322583
6810.0,6844.0,6810.0,6815.0,4.56784,YFIUSDT,31146.678104847357
6821.0,6825.0,6796.0,6799.0,6.43883,YFIUSDT,43843.216748461535
6802.0,6834.0,6796.0,6825.0,9.75857,YFIUSDT,66486.98531221037
6822.0,6867.0,6809.0,6849.0,11.84191,YFIUSDT,80947.57674076434
6851.0,6855.0,6816.0,6825.0,6.72083,YFIUSDT,45941.482597539696
6826.0,6828.0,6802.0,6807.0,4.30811,YFIUSDT,29358.43038143599
6807.0,6825.0,6765.0,6770.0,10.62408,YFIUSDT,72144.86424376033
6772.0,6789.0,6741.0,6782.0,10.66271,YFIUSDT,72185.97191435535
6780.0,6802.0,6760.0,6798.0,6.92559,YFIUSDT,46982.814136553454
6798.0,6806.0,6774.0,6774.0,6.75992,YFIUSDT,45879.194751652176
6778.0,6791.0,6753.0,6761.0,6.64078,YFIUSDT,44956.062684526565
6762.0,6773.0,6741.0,6741.0,12.24742,YFIUSDT,82709.26083444833
6740.0,6752.0,6729.0,6729.0,10.39008,YFIUSDT,69992.2680075234
6731.0,6735.0,6697.0,6715.0,16.19519,YFIUSDT,108806.64081489675
6715.0,6735.0,6698.0,6715.0,8.60807,YFIUSDT,57800.64803108414
6714.0,6732.0,6665.0,6691.0,12.06566,YFIUSDT,80833.37115713072
6687.0,6708.0,6680.0,6702.0,8.24563,YFIUSDT,55189.717010762135
6703.0,6750.0,6685.0,6724.0,26.36154,YFIUSDT,177003.36700701097
6722.0,6738.0,6560.0,6595.0,35.6516,YFIUSDT,237179.91069986575
6595.0,6627.0,6580.0,6614.0,16.13703,YFIUSDT,106552.35866353642
6613.0,6677.0,6600.0,6632.0,11.60043,YFIUSDT,76904.67903825395
6630.0,6660.0,6625.0,6649.0,2.03273,YFIUSDT,13497.258754626895
6661.0,6726.0,6655.0,6708.0,8.66269,YFIUSDT,57922.72229976628
6708.0,6759.0,6700.0,6707.0,4.85434,YFIUSDT,32608.80693906591
6708.0,6713.0,6688.0,6690.0,4.67645,YFIUSDT,31326.169210207612
6690.0,6720.0,6648.0,6673.0,4.04224,YFIUSDT,27009.074743067613
6675.0,6690.0,6652.0,6662.0,5.91384,YFIUSDT,39437.69490718498
6662.0,6677.0,6646.0,6672.0,6.17951,YFIUSDT,41175.389570405096
6672.0,6693.0,6656.0,6679.0,4.95826,YFIUSDT,33091.23404759693
6681.0,6703.0,6671.0,6698.0,5.46627,YFIUSDT,36554.089797692024
6699.0,6702.0,6670.0,6688.0,5.68623,YFIUSDT,38033.53630099577
6688.0,6698.0,6650.0,6655.0,16.65479,YFIUSDT,111115.95208214178
6653.0,6659.0,6631.0,6656.0,9.0265,YFIUSDT,60014.62564432244
6653.0,6717.0,6652.0,6701.0,24.31863,YFIUSDT,162441.39943261046
6701.0,6716.0,6694.0,6704.0,8.02658,YFIUSDT,53799.810430899684
6704.0,6708.0,6673.0,6691.0,6.51637,YFIUSDT,43613.7912366016
6692.0,6703.0,6663.0,6682.0,5.14372,YFIUSDT,34380.41605517967
6681.0,6705.0,6670.0,6682.0,19.56299,YFIUSDT,130748.45249024415
6682.0,6699.0,6663.0,6663.0,14.78425,YFIUSDT,98695.37686063416
6663.0,6666.0,6642.0,6660.0,7.84847,YFIUSDT,52245.017939524674
6664.0,6714.0,6600.0,6666.0,25.93699,YFIUSDT,172739.39931690082
6661.0,6679.0,6644.0,6667.0,4.74293,YFIUSDT,31596.038168565134
6665.0,6698.0,6660.0,6661.0,4.00034,YFIUSDT,26682.114422364008
6663.0,6677.0,6644.0,6656.0,6.00333,YFIUSDT,39975.95457402543
6652.0,6652.0,6617.0,6647.0,8.60078,YFIUSDT,57117.48903883471
6647.0,6669.0,6647.0,6666.0,4.57495,YFIUSDT,30451.845319906613
6662.0,6671.0,6643.0,6649.0,5.29093,YFIUSDT,35212.27116927474
6649.0,6678.0,6649.0,6677.0,5.57441,YFIUSDT,37137.90601755113
6679.0,6691.0,6653.0,6666.0,3.21702,YFIUSDT,21461.420704842174
6666.0,6681.0,6610.0,6624.0,7.81781,YFIUSDT,51943.215682358874
6622.0,6639.0,6617.0,6630.0,4.78112,YFIUSDT,31679.550550339343
6633.0,6650.0,6605.0,6620.0,5.29831,YFIUSDT,35106.435202707406
6621.0,6640.0,6611.0,6634.0,8.52785,YFIUSDT,56501.00227493742
6634.0,6647.0,6618.0,6628.0,4.60908,YFIUSDT,30561.50865065196
6628.0,6648.0,6621.0,6636.0,3.85566,YFIUSDT,25571.575859600423
6636.0,6639.0,6620.0,6634.0,6.31746,YFIUSDT,41892.452509683666
6635.0,6657.0,6622.0,6657.0,5.16058,YFIUSDT,34275.10704407896
6654.0,6660.0,6630.0,6660.0,4.77833,YFIUSDT,31775.726168274014
6660.0,6676.0,6643.0,6667.0,8.59151,YFIUSDT,57223.43565067741
6667.0,6676.0,6651.0,6675.0,5.21302,YFIUSDT,34751.097744592844
6673.0,6673.0,6641.0,6655.0,4.39395,YFIUSDT,29261.348737046294
6655.0,6670.0,6641.0,6652.0,5.03621,YFIUSDT,33508.24307503739
6655.0,6656.0,6619.0,6622.0,3.81973,YFIUSDT,25351.421177011267
6623.0,6641.0,6618.0,6639.0,3.60829,YFIUSDT,23920.141022948163
6641.0,6660.0,6627.0,6642.0,22.78567,YFIUSDT,151330.25475401044
6643.0,6657.0,6623.0,6633.0,4.14988,YFIUSDT,27546.764998550738
6633.0,6668.0,6617.0,6663.0,6.09483,YFIUSDT,40495.364972711206
6666.0,6678.0,6652.0,6661.0,6.1217,YFIUSDT,40790.18924366963
6660.0,6678.0,6634.0,6670.0,5.45897,YFIUSDT,36353.81033354353
6670.0,6695.0,6670.0,6683.0,4.13907,YFIUSDT,27642.614822203184
6683.0,6693.0,6659.0,6691.0,6.46791,YFIUSDT,43208.61419722549
6691.0,6694.0,6671.0,6687.0,3.60827,YFIUSDT,24120.236253277115
6685.0,6700.0,6671.0,6694.0,3.46491,YFIUSDT,23167.97896769747
6695.0,6709.0,6659.0,6706.0,8.42229,YFIUSDT,56355.2971849652
6708.0,6713.0,6660.0,6660.0,8.93097,YFIUSDT,59696.47398983649
6661.0,6700.0,6661.0,6699.0,4.55515,YFIUSDT,30424.80442947643
6699.0,6702.0,6683.0,6690.0,8.80375,YFIUSDT,58918.72849726773
6690.0,6706.0,6690.0,6693.0,11.99688,YFIUSDT,80303.61117710806
6693.0,6702.0,6677.0,6686.0,5.76951,YFIUSDT,38589.12981190338
6687.0,6697.0,6657.0,6667.0,8.21528,YFIUSDT,54844.88662446724
6669.0,6683.0,6653.0,6653.0,3.44264,YFIUSDT,22939.903128228318
6656.0,6666.0,6647.0,6662.0,6.29138,YFIUSDT,41879.9155713619
6660.0,6664.0,6641.0,6649.0,4.57533,YFIUSDT,30437.219864213177
6651.0,6662.0,6618.0,6622.0,5.95156,YFIUSDT,39501.79375864559
6620.0,6623.0,6571.0,6581.0,17.15113,YFIUSDT,113158.40324012902
6577.0,6623.0,6577.0,6621.0,5.54682,YFIUSDT,36600.54082896347
6621.0,6625.0,6594.0,6614.0,2.92633,YFIUSDT,19350.27111643023
6616.0,6624.0,6586.0,6586.0,4.80478,YFIUSDT,31721.02419396178
6585.0,6604.0,6528.0,6562.0,13.88829,YFIUSDT,91228.39131786414
6559.0,6583.0,6530.0,6544.0,5.32897,YFIUSDT,34920.633137301
6542.0,6560.0,6523.0,6548.0,7.0514,YFIUSDT,46131.89150327977
6547.0,6590.0,6541.0,6577.0,14.99308,YFIUSDT,98395.5112044895
6576.0,6593.0,6557.0,6569.0,6.80994,YFIUSDT,44759.87511587538
6574.0,6581.0,6551.0,6553.0,2.28849,YFIUSDT,15021.026340780165
6549.0,6558.0,6514.0,6556.0,6.92715,YFIUSDT,45325.94530583404
6559.0,6596.0,6559.0,6588.0,5.18717,YFIUSDT,34102.92738801446
6583.0,6604.0,6579.0,6583.0,2.79156,YFIUSDT,18385.841408283104
6580.0,6607.0,6472.0,6530.0,19.78287,YFIUSDT,129503.23529097368
6527.0,6532.0,6476.0,6507.0,10.04457,YFIUSDT,65384.994226324896
6508.0,6568.0,6508.0,6559.0,6.58501,YFIUSDT,43031.280246051916
6565.0,6565.0,6536.0,6544.0,7.90564,YFIUSDT,51793.64316444554
6548.0,6548.0,6519.0,6543.0,5.67678,YFIUSDT,37117.52456791763
6550.0,6557.0,6526.0,6554.0,4.76753,YFIUSDT,31206.96890662317
6551.0,6589.0,6549.0,6576.0,10.2994,YFIUSDT,67617.90888405334
6577.0,6587.0,6563.0,6581.0,2.49037,YFIUSDT,16376.614073202782
6582.0,6606.0,6582.0,6595.0,6.26334,YFIUSDT,41276.814038729026
6593.0,6652.0,6593.0,6643.0,7.64544,YFIUSDT,50606.845978184494
6650.0,6654.0,6631.0,6647.0,4.67766,YFIUSDT,31080.55108911966
6649.0,6652.0,6626.0,6648.0,1.85744,YFIUSDT,12338.446221876451
6644.0,6673.0,6620.0,6620.0,15.6016,YFIUSDT,103566.80011806618
6614.0,6691.0,6610.0,6655.0,4.46219,YFIUSDT,29635.483593890276
6659.0,6666.0,6624.0,6659.0,4.49048,YFIUSDT,29866.02358975378
6662.0,6685.0,6660.0,6680.0,2.0032,YFIUSDT,13362.769361159762
6671.0,6676.0,6616.0,6622.0,6.3681,YFIUSDT,42317.39689679312
6628.0,6644.0,6620.0,6637.0,4.92113,YFIUSDT,32633.084312204523
6639.0,6659.0,6619.0,6628.0,3.1118,YFIUSDT,20647.468471229964
6627.0,6627.0,6586.0,6592.0,11.37823,YFIUSDT,75175.64092993131
6600.0,6615.0,6591.0,6608.0,1.45844,YFIUSDT,9629.30950465075
6608.0,6635.0,6608.0,6619.0,3.45488,YFIUSDT,22859.109825663545
6620.0,6635.0,6615.0,6635.0,2.63566,YFIUSDT,17461.82371902603
6636.0,6666.0,6632.0,6664.0,5.92941,YFIUSDT,39421.47488722411
6665.0,6670.0,6633.0,6636.0,4.47254,YFIUSDT,29742.23344069
6636.0,6716.0,6630.0,6692.0,15.55173,YFIUSDT,103690.56955535425
6695.0,6720.0,6695.0,6714.0,6.72153,YFIUSDT,45067.56432159498
6715.0,6802.0,6714.0,6782.0,12.03855,YFIUSDT,81286.68354557338
6781.0,6791.0,6738.0,6757.0,6.95495,YFIUSDT,47055.08264870842
6762.0,6763.0,6728.0,6740.0,14.57263,YFIUSDT,98324.44381535063
6747.0,6765.0,6711.0,6718.0,6.73576,YFIUSDT,45359.9661621634
6719.0,6720.0,6680.0,6706.0,2.54672,YFIUSDT,17076.28266283335
6706.0,6706.0,6676.0,6688.0,10.26587,YFIUSDT,68709.03755343714
6691.0,6705.0,6686.0,6700.0,1.94305,YFIUSDT,13007.666316553046
6699.0,6731.0,6695.0,6707.0,3.91761,YFIUSDT,26275.237502615477
6707.0,6714.0,6695.0,6707.0,1.98043,YFIUSDT,13278.201398712255
6710.0,6762.0,6707.0,6762.0,3.40325,YFIUSDT,22918.171793737096
6758.0,6778.0,6724.0,6736.0,8.33918,YFIUSDT,56272.36566276612
6737.0,6762.0,6723.0,6728.0,2.50202,YFIUSDT,16854.73590195491
6729.0,6729.0,6706.0,6725.0,4.10524,YFIUSDT,27592.154202621317
6726.0,6754.0,6718.0,6725.0,3.54714,YFIUSDT,23871.196424860816
6726.0,6738.0,6708.0,6720.0,3.0513,YFIUSDT,20510.696913037063
6720.0,6724.0,6692.0,6707.0,3.38661,YFIUSDT,22723.1556477256
6701.0,6727.0,6701.0,6715.0,7.1697,YFIUSDT,48108.367466904645
6715.0,6730.0,6697.0,6712.0,3.18723,YFIUSDT,21394.138089011634
6712.0,6735.0,6708.0,6732.0,4.76894,YFIUSDT,32050.632987366436
6723.0,6754.0,6719.0,6745.0,0.95798,YFIUSDT,6451.230504654159
6738.0,6753.0,6729.0,6748.0,0.96147,YFIUSDT,6481.221780785319
6740.0,6742.0,6701.0,6711.0,8.34279,YFIUSDT,56084.01772868587
6711.0,6713.0,6688.0,6710.0,8.43526,YFIUSDT,56553.8319557175
6710.0,6730.0,6707.0,6720.0,6.55483,YFIUSDT,44020.30157591725
6714.0,6714.0,6558.0,6624.0,17.4131,YFIUSDT,115822.61715317772
6611.0,6641.0,6597.0,6625.0,3.39955,YFIUSDT,22496.419562191288
6631.0,6644.0,6625.0,6631.0,7.82432,YFIUSDT,51888.6807495426
6631.0,6632.0,6584.0,6593.0,1.23374,YFIUSDT,8153.752070919091
6592.0,6611.0,6587.0,6593.0,6.92,YFIUSDT,45635.4857308665
6593.0,6635.0,6593.0,6635.0,1.67135,YFIUSDT,11052.588296819715
6634.0,6654.0,6612.0,6623.0,11.61019,YFIUSDT,76972.28474128814
6634.0,6640.0,6606.0,6608.0,0.76699,YFIUSDT,5078.217232439043
6612.0,6630.0,6586.0,6596.0,2.32508,YFIUSDT,15357.087777174587
6595.0,6595.0,6577.0,6588.0,1.95562,YFIUSDT,12883.085710543046
6587.0,6595.0,6447.0,6518.0,16.22437,YFIUSDT,106038.14319113451
6501.0,6506.0,6438.0,6454.0,26.79136,YFIUSDT,173440.3579657024
6455.0,6485.0,6432.0,6462.0,39.23839,YFIUSDT,253381.6968142765
6462.0,6480.0,6443.0,6465.0,19.56473,YFIUSDT,126417.38769542419
6465.0,6485.0,6430.0,6482.0,14.94597,YFIUSDT,96618.12808223971
6484.0,6491.0,6439.0,6439.0,5.70549,YFIUSDT,36870.268491817056
6434.0,6512.0,6434.0,6486.0,13.55166,YFIUSDT,87618.16949886845
6486.0,6525.0,6473.0,6499.0,8.08303,YFIUSDT,52497.16966599864
6500.0,6508.0,6466.0,6467.0,16.61548,YFIUSDT,107738.76951993907
6465.0,6479.0,6448.0,6465.0,7.74626,YFIUSDT,50065.967224068445
6462.0,6488.0,6448.0,6452.0,6.43426,YFIUSDT,41574.933104272845
6450.0,6466.0,6374.0,6378.0,25.46397,YFIUSDT,163376.86192270697
6380.0,6405.0,6269.0,6327.0,26.41683,YFIUSDT,167595.30028805975
6324.0,6338.0,6307.0,6331.0,6.78865,YFIUSDT,42931.52791741894
6332.0,6350.0,6318.0,6343.0,7.05972,YFIUSDT,44721.658980142915
6343.0,6354.0,6332.0,6346.0,5.16793,YFIUSDT,32778.95309919333
6346.0,6351.0,6329.0,6349.0,10.62293,YFIUSDT,67378.72305662301
6352.0,6355.0,6335.0,6339.0,2.88877,YFIUSDT,18327.114783005316
6344.0,6344.0,6307.0,6314.0,7.02493,YFIUSDT,44441.569935289495
6321.0,6354.0,6319.0,6342.0,7.02863,YFIUSDT,44512.41298435233
6339.0,6358.0,6339.0,6346.0,5.1677,YFIUSDT,32786.53633117952
6340.0,6349.0,6335.0,6340.0,4.29894,YFIUSDT,27255.33558660025
6338.0,6346.0,6319.0,6341.0,5.19342,YFIUSDT,32900.38737750547
6342.0,6388.0,6330.0,6337.0,22.32057,YFIUSDT,141696.8205289724
6336.0,6347.0,6305.0,6320.0,28.03212,YFIUSDT,177331.6172769027
6324.0,6339.0,6305.0,6324.0,27.38028,YFIUSDT,173098.56345430002
6324.0,6348.0,6287.0,6291.0,15.61691,YFIUSDT,98566.40012648805
6290.0,6331.0,6279.0,6320.0,6.68544,YFIUSDT,42145.138288019516
6321.0,6336.0,6294.0,6319.0,9.4562,YFIUSDT,59730.24504005424
6319.0,6337.0,6305.0,6309.0,6.02707,YFIUSDT,38070.08819330806
6309.0,6367.0,6308.0,6332.0,5.01626,YFIUSDT,31742.9679778801
6331.0,6349.0,6298.0,6321.0,21.51387,YFIUSDT,136048.6700104592
6316.0,6316.0,6284.0,6288.0,6.02307,YFIUSDT,37945.4569401825
6286.0,6300.0,6275.0,6298.0,5.00437,YFIUSDT,31471.336931334303
6297.0,6304.0,6283.0,6297.0,4.04554,YFIUSDT,25463.72163972313
6303.0,6303.0,6272.0,6288.0,3.74876,YFIUSDT,23581.652484390997
6281.0,6318.0,6252.0,6270.0,7.51756,YFIUSDT,47204.807617889026
6268.0,6285.0,6260.0,6279.0,5.95745,YFIUSDT,37365.267040798746
6277.0,6318.0,6277.0,6318.0,3.30432,YFIUSDT,20805.716286123123
6319.0,6337.0,6316.0,6330.0,3.73982,YFIUSDT,23652.549317581033
6332.0,6337.0,6311.0,6334.0,4.78067,YFIUSDT,30249.76098672971
6334.0,6362.0,6315.0,6357.0,10.98218,YFIUSDT,69638.1446953976
6357.0,6357.0,6334.0,6343.0,2.48693,YFIUSDT,15783.952752797899
6344.0,6349.0,6324.0,6346.0,3.44617,YFIUSDT,21847.90127227716
6345.0,6390.0,6345.0,6389.0,5.67477,YFIUSDT,36127.05523096968
6389.0,6400.0,6374.0,6377.0,15.50107,YFIUSDT,98958.926595232
6378.0,6412.0,6378.0,6396.0,9.92504,YFIUSDT,63421.05761564588
6395.0,6408.0,6369.0,6390.0,5.48722,YFIUSDT,35060.621374739836
