open,high,low,close,volume,name,avg
20.87,20.92,20.83,20.86,38313.63,SOLUSDT,799477.4972385402
20.86,20.89,20.81,20.85,33944.94,SOLUSDT,707723.5862170781
20.85,20.94,20.83,20.84,88005.41,SOLUSDT,1835939.0273022698
20.85,20.9,20.75,20.88,64566.76,SOLUSDT,1345678.7287652246
20.88,21.07,20.87,21.04,162575.89,SOLUSDT,3407858.087032479
21.05,21.11,20.96,21.03,64886.51,SOLUSDT,1364831.5051808415
21.03,21.07,20.96,20.98,38759.22,SOLUSDT,814200.8947761117
20.98,21.0,20.82,20.84,99707.93,SOLUSDT,2084559.1709026075
20.85,20.9,20.8,20.88,41572.3,SOLUSDT,866955.4861576126
20.87,20.9,20.73,20.88,87062.74,SOLUSDT,1814532.3892048674
20.87,20.89,20.74,20.74,101930.86,SOLUSDT,2120841.743973108
20.75,20.82,20.65,20.71,182655.19,SOLUSDT,3786292.709271771
20.71,20.81,20.7,20.78,172262.07,SOLUSDT,3573865.9351944616
20.78,20.82,20.67,20.75,123577.16,SOLUSDT,2564433.503821754
20.75,20.79,20.64,20.76,98128.11,SOLUSDT,2034360.7499916733
20.76,20.79,20.64,20.69,54528.75,SOLUSDT,1129654.892392929
20.69,20.72,20.47,20.5,133881.68,SOLUSDT,2756851.949969268
20.5,20.61,20.44,20.51,266266.15,SOLUSDT,5461575.911365738
20.51,20.73,20.43,20.71,335685.81,SOLUSDT,6912342.897665409
20.71,20.73,20.62,20.65,62707.8,SOLUSDT,1296433.0331152643
20.65,20.72,20.6,20.67,40831.25,SOLUSDT,843438.6279127912
20.68,20.8,20.58,20.78,110241.31,SOLUSDT,2282732.166002258
20.77,21.08,20.77,21.03,165660.22,SOLUSDT,3463814.947722799
21.03,21.07,20.93,20.94,85172.6,SOLUSDT,1787699.674131546
20.95,21.02,20.92,20.96,43453.97,SOLUSDT,910758.0741825046
20.97,21.01,20.92,20.96,49671.73,SOLUSDT,1041201.1693578536
20.95,20.96,20.72,20.72,118061.53,SOLUSDT,2459713.440430766
20.72,20.74,20.63,20.72,81196.71,SOLUSDT,1680705.8823635492
20.72,20.77,20.53,20.56,119269.71,SOLUSDT,2461929.1173742334
20.56,20.63,20.48,20.58,88150.08,SOLUSDT,1812295.9518592195
20.58,20.69,20.55,20.68,65547.42,SOLUSDT,1351699.1904565338
20.68,20.68,20.59,20.65,59697.08,SOLUSDT,1232547.425865339
20.65,20.65,20.47,20.52,121570.0,SOLUSDT,2500598.590158035
20.53,20.65,20.46,20.55,98972.85,SOLUSDT,2033319.191224001
20.56,20.73,20.52,20.56,100838.33,SOLUSDT,2076181.0060999168
20.57,20.67,20.42,20.57,148124.66,SOLUSDT,3044585.3949661474
20.57,20.64,20.53,20.59,67051.06,SOLUSDT,1379857.5884968548
20.59,20.8,20.54,20.75,121611.3,SOLUSDT,2513303.302697473
20.76,20.84,20.64,20.8,176217.81,SOLUSDT,3657696.300773852
20.8,20.98,20.8,20.93,174022.01,SOLUSDT,3632563.1016584607
20.93,21.15,20.93,21.03,216656.25,SOLUSDT,4551219.3642915655
21.03,21.14,20.94,21.03,96562.78,SOLUSDT,2030873.0246716898
21.03,21.1,20.96,21.05,97308.79,SOLUSDT,2046562.833779664
21.04,21.05,20.93,20.98,55663.69,SOLUSDT,1168750.4249334752
20.99,21.23,20.98,21.06,153692.12,SOLUSDT,3237006.406753017
21.06,21.09,20.95,20.99,127232.75,SOLUSDT,2674322.446554585
20.98,21.07,20.91,20.95,48693.9,SOLUSDT,1021312.8203997513
20.95,21.05,20.88,21.02,82384.71,SOLUSDT,1727742.757322661
21.02,21.09,20.97,21.03,55292.3,SOLUSDT,1162472.7779561148
21.04,21.05,20.94,20.94,51685.01,SOLUSDT,1084823.940263485
20.94,20.98,20.85,20.87,95225.5,SOLUSDT,1990846.558832244
20.86,20.9,20.75,20.78,104903.94,SOLUSDT,2184012.727152627
20.79,20.97,20.77,20.92,133710.67,SOLUSDT,2789092.4429723746
20.93,20.96,20.85,20.87,56870.87,SOLUSDT,1188553.1255750712
20.87,20.9,20.79,20.81,111976.9,SOLUSDT,2333505.047667524
20.8,20.87,20.77,20.8,96124.75,SOLUSDT,2000035.9305217185
20.81,20.84,20.74,20.84,88898.5,SOLUSDT,1849459.522371134
20.83,20.84,20.56,20.56,185768.41,SOLUSDT,3844326.359960194
20.56,20.65,20.51,20.63,141795.32,SOLUSDT,2918743.9891395858
20.62,20.71,20.47,20.59,122725.69,SOLUSDT,2527437.8691557646
20.6,20.64,20.48,20.53,92313.46,SOLUSDT,1897891.7530207345
20.52,20.6,20.5,20.56,89112.81,SOLUSDT,1830529.6948962875
20.56,20.58,20.07,20.21,381301.34,SOLUSDT,7760146.720654226
20.21,20.38,20.15,20.31,192065.69,SOLUSDT,3891108.2499060887
20.32,20.45,20.26,20.34,132810.95,SOLUSDT,2701274.396243738
20.34,20.39,20.28,20.38,35220.79,SOLUSDT,716540.3382214253
20.37,20.52,20.37,20.46,79849.17,SOLUSDT,1631057.4831935477
20.47,20.51,20.4,20.45,67076.53,SOLUSDT,1371998.5164104605
20.45,20.45,20.32,20.34,51330.56,SOLUSDT,1046462.6261821525
20.35,20.39,20.28,20.38,62049.38,SOLUSDT,1262502.8123375736
20.38,20.42,20.3,20.33,69622.05,SOLUSDT,1417104.0674138134
20.33,20.37,20.3,20.36,30864.15,SOLUSDT,627676.3478769356
20.36,20.37,20.27,20.34,70153.06,SOLUSDT,1426334.1823071097
20.34,20.42,20.3,20.42,33783.6,SOLUSDT,688061.8038457221
20.41,20.45,20.36,20.41,37324.97,SOLUSDT,761587.4289316762
20.41,20.46,20.4,20.43,33735.56,SOLUSDT,688938.5445184556
20.44,20.48,20.4,20.44,27784.2,SOLUSDT,567818.1655150487
20.43,20.52,20.43,20.47,30464.74,SOLUSDT,623284.9819896978
20.47,20.49,20.43,20.45,38286.04,SOLUSDT,783207.0217194846
20.45,20.48,20.37,20.43,38217.52,SOLUSDT,780754.5132572316
20.42,20.47,20.39,20.45,62461.1,SOLUSDT,1276032.1896347872
20.45,20.53,20.45,20.48,48127.75,SOLUSDT,985378.2852988201
20.48,20.5,20.38,20.4,48121.54,SOLUSDT,983446.8714074556
20.4,20.4,20.31,20.38,42667.75,SOLUSDT,869109.6309996379
20.37,20.59,20.21,20.4,242124.23,SOLUSDT,4936728.209211805
20.41,20.45,20.37,20.4,56875.01,SOLUSDT,1160491.023472045
20.4,20.51,20.4,20.48,38831.05,SOLUSDT,793870.8313918832
20.48,20.51,20.42,20.43,43772.47,SOLUSDT,895441.415774666
20.43,20.43,20.31,20.37,54884.43,SOLUSDT,1118640.060928539
20.37,20.4,20.32,20.35,30950.45,SOLUSDT,630050.3189095452
20.34,20.38,20.33,20.36,12162.29,SOLUSDT,247493.3945178538
20.37,20.37,20.33,20.36,31646.5,SOLUSDT,644140.5254428913
20.37,20.38,20.33,20.36,29633.65,SOLUSDT,603244.5613215266
20.35,20.37,20.15,20.21,66861.93,SOLUSDT,1355074.4338298843
20.21,20.29,20.2,20.23,38074.48,SOLUSDT,770218.6387830867
20.24,20.29,20.21,20.27,32653.78,SOLUSDT,661214.8483016677
20.26,20.29,20.24,20.27,22210.87,SOLUSDT,450031.2505220135
20.27,20.29,20.23,20.23,21195.18,SOLUSDT,429239.6686814049
20.24,20.24,20.08,20.17,96195.73,SOLUSDT,1941159.6272295741
20.17,20.2,20.15,20.18,22285.93,SOLUSDT,449546.68527940084
20.18,20.19,20.16,20.16,31068.58,SOLUSDT,626630.634299264
20.17,20.24,20.16,20.23,53376.61,SOLUSDT,1078034.9764502542
20.24,20.26,20.18,20.18,37608.71,SOLUSDT,760138.4082305739
20.19,20.23,20.18,20.2,25410.68,SOLUSDT,513213.5932833679
20.2,20.25,20.17,20.22,29372.6,SOLUSDT,593525.2489520326
20.21,20.26,20.21,20.22,22539.13,SOLUSDT,455780.95394970296
20.21,20.23,20.18,20.2,19158.83,SOLUSDT,387042.21187125123
20.21,20.24,20.2,20.22,21991.0,SOLUSDT,444531.8926751088
20.22,20.31,20.19,20.28,40866.26,SOLUSDT,827409.333491347
20.28,20.3,20.21,20.23,23566.23,SOLUSDT,477257.6008917963
20.22,20.35,20.21,20.33,63654.21,SOLUSDT,1290541.6848336288
20.34,20.36,20.26,20.26,40836.78,SOLUSDT,829058.1224934116
20.27,20.29,20.2,20.29,34507.48,SOLUSDT,699095.9192736058
20.29,20.31,20.24,20.24,21511.36,SOLUSDT,435965.48847618996
20.25,20.28,20.21,20.23,30212.0,SOLUSDT,611468.5410274077
20.24,20.26,20.21,20.24,38210.43,SOLUSDT,773159.8285541527
20.24,20.29,20.21,20.28,23350.19,SOLUSDT,472882.4109655051
20.28,20.37,20.24,20.36,33496.93,SOLUSDT,680297.5051903083
20.36,20.39,20.26,20.28,43528.3,SOLUSDT,884462.3135916039
20.29,20.31,20.22,20.24,30879.71,SOLUSDT,625677.1800049761
20.24,20.26,20.22,20.24,17129.68,SOLUSDT,346649.2400431463
20.24,20.29,20.23,20.27,15112.95,SOLUSDT,306101.59134694247
20.28,20.28,20.25,20.25,16547.29,SOLUSDT,335277.16885697906
20.25,20.26,20.22,20.26,16862.31,SOLUSDT,341364.98434293544
20.26,20.29,20.25,20.28,24996.38,SOLUSDT,506595.53914008534
20.29,20.32,20.26,20.3,32752.45,SOLUSDT,664522.7310314673
20.29,20.33,20.27,20.32,24629.1,SOLUSDT,499952.282580591
20.31,20.33,20.21,20.26,51735.13,SOLUSDT,1048891.217647455
20.25,20.27,20.08,20.15,103910.1,SOLUSDT,2097349.451196446
20.14,20.19,20.0,20.11,212665.62,SOLUSDT,4276021.216999919
20.11,20.12,20.09,20.1,37667.32,SOLUSDT,757180.2776459801
20.09,20.19,20.09,20.11,77204.43,SOLUSDT,1553104.54849835
20.1,20.18,19.81,19.94,235807.44,SOLUSDT,4717162.347485552
19.93,20.01,19.85,19.9,120564.15,SOLUSDT,2401554.8960322817
19.89,19.98,19.83,19.92,109325.37,SOLUSDT,2175773.245127979
19.92,19.98,19.87,19.94,56378.77,SOLUSDT,1123308.1474000937
19.93,19.99,19.92,19.98,55827.43,SOLUSDT,1113858.086410405
19.98,20.06,19.67,19.74,192305.99,SOLUSDT,3819066.4633484483
19.74,19.74,19.33,19.62,372148.08,SOLUSDT,7295725.756736619
19.61,19.69,19.61,19.66,50766.06,SOLUSDT,997012.7560614619
19.65,19.69,19.57,19.61,44093.79,SOLUSDT,865422.5819575352
19.61,19.68,19.28,19.48,202707.88,SOLUSDT,3954704.535838515
19.48,19.53,19.41,19.46,112245.12,SOLUSDT,2185062.754839801
19.46,19.57,19.43,19.56,103639.12,SOLUSDT,2021157.5379898727
19.56,19.6,19.52,19.54,54379.09,SOLUSDT,1063212.9317517148
19.54,19.59,19.52,19.57,56638.46,SOLUSDT,1107387.8416593994
19.57,19.61,19.56,19.59,35087.89,SOLUSDT,686998.6479347937
19.59,19.79,19.59,19.73,87208.0,SOLUSDT,1715542.817741478
19.72,19.74,19.67,19.69,48171.79,SOLUSDT,949073.2174537343
19.69,19.81,19.69,19.76,54647.61,SOLUSDT,1078434.592864404
19.77,19.89,19.76,19.89,81075.59,SOLUSDT,1607269.0082974962
19.89,19.92,19.84,19.89,98412.05,SOLUSDT,1956610.4477640118
19.89,19.9,19.74,19.87,74189.7,SOLUSDT,1472429.8743328338
19.87,19.9,19.75,19.76,66182.63,SOLUSDT,1311529.8088915525
19.76,20.03,19.72,19.88,184866.49,SOLUSDT,3668550.488175226
19.88,19.9,19.65,19.73,151062.62,SOLUSDT,2989050.8354341546
19.74,19.75,19.57,19.67,84721.1,SOLUSDT,1667256.1970361886
19.67,19.74,19.62,19.69,62555.21,SOLUSDT,1230889.522022156
19.69,19.72,19.57,19.65,89054.88,SOLUSDT,1750316.1556735348
19.65,19.76,19.65,19.73,61952.13,SOLUSDT,1220106.7957330295
19.72,19.75,19.65,19.68,89697.78,SOLUSDT,1766763.4855860518
19.69,19.7,19.6,19.66,43067.1,SOLUSDT,846671.3392491944
19.66,19.75,19.65,19.69,56165.54,SOLUSDT,1105582.114126228
19.68,19.71,19.59,19.6,59379.44,SOLUSDT,1166322.4223489193
19.6,19.61,19.51,19.53,97820.1,SOLUSDT,1913299.4719288289
19.52,19.64,19.42,19.45,131008.79,SOLUSDT,2555244.989620033
19.45,19.87,19.42,19.79,219511.21,SOLUSDT,4308864.172425533
19.8,19.9,19.79,19.88,66855.4,SOLUSDT,1326365.9821787318
19.89,20.18,19.89,20.04,254557.59,SOLUSDT,5090337.062977446
20.04,20.11,19.88,19.91,121326.56,SOLUSDT,2424323.275050405
19.91,20.0,19.91,19.95,91475.54,SOLUSDT,1823959.021569439
19.94,19.99,19.78,19.86,75059.94,SOLUSDT,1492890.9108790723
19.85,19.85,19.74,19.84,78630.64,SOLUSDT,1558209.8845606535
19.85,19.86,19.74,19.82,54481.48,SOLUSDT,1079513.9476326143
19.82,19.85,19.77,19.8,75169.27,SOLUSDT,1488864.9375087107
19.8,19.88,19.77,19.86,63661.64,SOLUSDT,1262049.1690457289
19.86,19.94,19.83,19.92,62708.96,SOLUSDT,1246924.8646755468
19.92,19.97,19.84,19.9,83440.38,SOLUSDT,1660823.540718943
19.91,19.93,19.81,19.84,75457.27,SOLUSDT,1499284.6291535704
19.84,19.98,19.83,19.97,71382.2,SOLUSDT,1420635.3103435594
19.97,20.07,19.93,20.0,206651.03,SOLUSDT,4130809.5580161144
20.01,20.09,19.96,20.08,84608.11,SOLUSDT,1694852.2132388796
20.08,20.16,19.97,19.99,118924.46,SOLUSDT,2384053.8417992573
19.98,20.04,19.93,19.93,159222.3,SOLUSDT,3179160.48851696
19.93,20.04,19.88,20.02,92009.84,SOLUSDT,1836912.4720469732
20.03,20.1,19.98,20.08,82125.91,SOLUSDT,1646155.7042635088
20.08,20.12,20.04,20.05,68118.36,SOLUSDT,1367086.9711558507
20.06,20.11,20.03,20.04,37366.44,SOLUSDT,749450.8325870525
20.03,20.1,20.01,20.02,92502.01,SOLUSDT,1853443.6263429273
20.02,20.07,19.9,19.95,59559.93,SOLUSDT,1190114.716508676
19.95,19.95,19.77,19.84,164822.63,SOLUSDT,3275737.527644694
19.83,19.94,19.8,19.9,61403.8,SOLUSDT,1219744.7695023601
19.9,19.91,19.44,19.56,238898.17,SOLUSDT,4706137.950627157
19.55,19.59,19.44,19.58,105834.24,SOLUSDT,2067670.1073920326
19.58,19.6,19.51,19.54,78196.61,SOLUSDT,1529085.4613630818
19.54,19.54,19.38,19.46,124933.01,SOLUSDT,2433305.5705835805
19.45,19.53,19.42,19.42,58835.57,SOLUSDT,1144462.8366483236
19.43,19.51,19.4,19.5,38430.96,SOLUSDT,747746.8005269496
19.51,19.56,19.48,19.5,57748.8,SOLUSDT,1126643.134441696
19.5,19.52,19.42,19.44,49450.06,SOLUSDT,962638.592489308
19.44,19.46,19.31,19.42,99184.86,SOLUSDT,1924622.1238748233
19.43,19.49,19.39,19.46,50280.35,SOLUSDT,977419.263434949
19.46,19.47,18.66,19.11,512647.71,SOLUSDT,9828446.741175124
19.12,19.12,18.81,18.99,267948.27,SOLUSDT,5092881.4684310695
18.98,19.19,18.92,19.17,223827.69,SOLUSDT,4266592.017846177
19.17,19.2,19.04,19.1,85681.04,SOLUSDT,1638601.8251792614
19.1,19.29,19.05,19.24,112721.32,SOLUSDT,2160521.9007412647
19.25,19.28,19.12,19.15,74878.56,SOLUSDT,1437438.2819336297
19.14,19.29,19.1,19.19,80706.84,SOLUSDT,1547709.4716106923
19.2,19.37,19.15,19.31,78063.09,SOLUSDT,1503059.3825830931
19.31,19.36,19.2,19.26,41621.68,SOLUSDT,802441.6093157628
19.26,19.29,19.2,19.24,91432.28,SOLUSDT,1759561.1816552277
19.24,19.25,19.21,19.22,23494.1,SOLUSDT,451719.24279937363
19.22,19.28,19.04,19.04,69131.3,SOLUSDT,1323306.9357962778
19.05,19.16,18.77,19.1,158447.08,SOLUSDT,3013181.18503624
19.1,19.19,19.07,19.15,40664.25,SOLUSDT,777680.9696701368
19.15,19.4,19.15,19.37,247602.86,SOLUSDT,4769924.651832548
19.38,19.47,19.29,19.37,102363.3,SOLUSDT,1983227.4190683346
19.37,19.42,19.35,19.39,38197.95,SOLUSDT,740253.284181307
19.39,19.43,19.36,19.41,32214.03,SOLUSDT,624771.6487153426
19.42,19.44,19.27,19.27,62718.39,SOLUSDT,1213406.6339565343
19.27,19.34,19.24,19.28,127792.4,SOLUSDT,2463762.6139628114
19.29,19.39,19.28,19.35,84656.76,SOLUSDT,1635941.6872492703
19.35,19.4,19.31,19.4,23619.13,SOLUSDT,457311.2572160745
19.39,19.42,19.31,19.38,41582.93,SOLUSDT,805540.337496922
19.39,19.58,19.38,19.44,121489.25,SOLUSDT,2362284.092544834
19.44,19.5,19.33,19.37,42641.37,SOLUSDT,827536.5398312582
19.37,19.42,19.29,19.35,45453.64,SOLUSDT,879728.0308901271
19.36,19.4,19.18,19.24,72285.22,SOLUSDT,1394520.1191265164
19.24,19.32,19.2,19.26,58835.17,SOLUSDT,1132689.9049721283
19.26,19.3,19.19,19.25,93471.52,SOLUSDT,1799038.8137385973
19.26,19.3,19.21,19.24,31132.07,SOLUSDT,599274.2604654668
19.25,19.43,19.23,19.31,70553.71,SOLUSDT,1361821.404389371
19.32,19.34,19.23,19.26,38970.1,SOLUSDT,751515.519472326
19.26,19.26,19.21,19.22,29981.46,SOLUSDT,576676.0365130699
19.23,19.26,19.21,19.23,31283.05,SOLUSDT,601554.9768740023
19.24,19.32,19.23,19.25,27655.95,SOLUSDT,532568.3564448722
19.25,19.28,19.19,19.26,44307.77,SOLUSDT,852566.575583525
19.26,19.36,19.18,19.21,57226.3,SOLUSDT,1101573.027803
19.21,19.25,19.18,19.22,28878.25,SOLUSDT,554806.7738113328
19.22,19.32,19.21,19.29,19376.92,SOLUSDT,373139.75608734356
19.29,19.31,19.25,19.26,26490.22,SOLUSDT,510583.4942954756
19.27,19.28,19.11,19.13,38961.01,SOLUSDT,747834.2943980643
19.12,19.25,19.08,19.25,61647.16,SOLUSDT,1181895.1240505914
19.25,19.31,19.2,19.3,56671.28,SOLUSDT,1091597.4928933617
19.3,19.35,19.26,19.33,49845.61,SOLUSDT,962364.6972277822
19.33,19.34,19.25,19.28,35154.99,SOLUSDT,678382.7280361408
19.27,19.32,19.25,19.29,17286.33,SOLUSDT,333270.3164399743
19.3,19.32,19.25,19.29,44835.83,SOLUSDT,864744.7534477932
19.3,19.38,19.21,19.3,69674.02,SOLUSDT,1344319.2351098158
20.88,20.91,20.83,20.87,14598.56,SOLBUSD,304659.6171189975
20.87,20.89,20.83,20.85,8571.79,SOLBUSD,178778.88727988655
20.86,20.94,20.83,20.85,29119.72,SOLBUSD,607631.1739761224
20.85,20.91,20.77,20.88,23349.96,SOLBUSD,486827.0192362461
20.88,21.07,20.88,21.05,37993.47,SOLBUSD,796595.3989959201
21.05,21.1,20.97,21.03,28993.97,SOLBUSD,609862.9037814256
21.03,21.07,20.97,20.98,18548.83,SOLBUSD,389694.8356667903
20.98,21.0,20.82,20.84,29427.02,SOLBUSD,615220.3894853308
20.85,20.9,20.82,20.88,14347.69,SOLBUSD,299280.7181968962
20.88,20.9,20.73,20.87,40040.62,SOLBUSD,834512.9801089623
20.87,20.89,20.75,20.75,37214.05,SOLBUSD,774486.3271713719
20.76,20.82,20.66,20.72,77778.08,SOLBUSD,1612858.8932711568
20.71,20.81,20.71,20.77,33160.0,SOLBUSD,687959.7436632
20.78,20.82,20.68,20.75,33357.82,SOLBUSD,692313.9944762284
20.75,20.8,20.65,20.77,28948.26,SOLBUSD,600363.065454484
20.77,20.78,20.65,20.69,25392.48,SOLBUSD,526111.3492063519
20.7,20.72,20.48,20.51,56397.81,SOLBUSD,1161749.691919505
20.51,20.59,20.45,20.51,70285.47,SOLBUSD,1441675.365965732
20.5,20.73,20.44,20.71,64928.87,SOLBUSD,1336995.8031071571
20.71,20.73,20.63,20.64,19299.86,SOLBUSD,399008.90771569073
20.64,20.72,20.6,20.67,14346.52,SOLBUSD,296315.74765491916
20.68,20.8,20.58,20.78,33875.96,SOLBUSD,701458.7118418723
20.78,21.08,20.78,21.02,68392.56,SOLBUSD,1430201.1802339216
21.02,21.07,20.93,20.94,31730.19,SOLBUSD,665909.9655858988
20.95,21.01,20.93,20.96,14843.3,SOLBUSD,311102.81714515766
20.97,21.01,20.93,20.95,15115.2,SOLBUSD,316839.38951947965
20.94,20.95,20.72,20.73,31645.92,SOLBUSD,659237.0901188296
20.74,20.74,20.64,20.72,31940.42,SOLBUSD,661380.1016676244
20.73,20.78,20.55,20.57,39693.99,SOLBUSD,819847.2050543883
20.57,20.63,20.49,20.59,24680.43,SOLBUSD,507595.0950264372
20.59,20.69,20.56,20.68,20962.57,SOLBUSD,432388.52205906744
20.68,20.68,20.59,20.64,12694.79,SOLBUSD,262073.67510899363
20.64,20.64,20.47,20.52,62542.22,SOLBUSD,1286130.9871915174
20.52,20.65,20.48,20.56,30586.28,SOLBUSD,628523.7889069633
20.56,20.72,20.53,20.56,43158.95,SOLBUSD,888608.2644663772
20.55,20.66,20.42,20.57,63739.61,SOLBUSD,1309639.0952985634
20.57,20.64,20.53,20.59,32862.07,SOLBUSD,676275.1720740226
20.6,20.8,20.54,20.75,58569.63,SOLBUSD,1210586.6606794496
20.76,20.84,20.65,20.79,49937.33,SOLBUSD,1036532.8501569189
20.8,20.98,20.8,20.93,76442.31,SOLBUSD,1595668.5961108373
20.93,21.14,20.93,21.03,96430.62,SOLBUSD,2025441.640866156
21.04,21.13,20.94,21.02,41018.28,SOLBUSD,862578.73233207
21.03,21.1,20.96,21.05,23637.26,SOLBUSD,497130.09120740055
21.05,21.06,20.94,20.98,24499.51,SOLBUSD,514590.98505035846
20.98,21.22,20.98,21.05,43722.37,SOLBUSD,920536.2759018826
21.05,21.09,20.96,20.99,40338.05,SOLBUSD,847870.7715384226
21.0,21.07,20.91,20.95,22257.29,SOLBUSD,466938.753167751
20.95,21.04,20.88,21.02,31117.58,SOLBUSD,652508.8717713247
21.02,21.08,20.98,21.03,26598.47,SOLBUSD,559209.7058006932
21.04,21.04,20.94,20.94,16277.86,SOLBUSD,341617.5318336284
20.95,20.97,20.85,20.87,38034.8,SOLBUSD,795180.2278992797
20.87,20.89,20.75,20.79,35567.12,SOLBUSD,740566.5865916944
20.79,20.95,20.78,20.93,52633.19,SOLBUSD,1097883.9732523975
20.93,20.96,20.85,20.88,22227.02,SOLBUSD,464581.3966460992
20.88,20.9,20.79,20.8,36252.62,SOLBUSD,755474.1557699683
20.8,20.86,20.77,20.8,25903.49,SOLBUSD,538900.5009192436
20.8,20.84,20.75,20.84,28987.4,SOLBUSD,603058.6758906419
20.83,20.83,20.56,20.56,68518.39,SOLBUSD,1417760.8626398924
20.56,20.64,20.52,20.63,47373.43,SOLBUSD,975144.2079744622
20.62,20.7,20.48,20.6,65991.05,SOLBUSD,1359197.7972394489
20.59,20.64,20.48,20.52,38529.66,SOLBUSD,791946.5635946916
20.52,20.6,20.51,20.56,52059.68,SOLBUSD,1069524.8666689263
20.55,20.58,20.08,20.21,174858.76,SOLBUSD,3558679.725570417
20.21,20.39,20.16,20.32,67870.97,SOLBUSD,1375524.1125914014
20.31,20.45,20.27,20.35,49201.98,SOLBUSD,1000853.8805712761
20.34,20.39,20.28,20.38,16089.74,SOLBUSD,327333.5243198197
20.38,20.52,20.37,20.46,41928.67,SOLBUSD,856570.2709572238
20.47,20.51,20.41,20.45,21878.15,SOLBUSD,447555.22125769226
20.44,20.45,20.33,20.34,14960.6,SOLBUSD,304997.7533273678
20.35,20.39,20.3,20.39,18832.1,SOLBUSD,383313.0438240058
20.38,20.43,20.3,20.35,16288.25,SOLBUSD,331657.05800574936
20.34,20.36,20.3,20.36,10214.09,SOLBUSD,207721.30000440223
20.37,20.38,20.3,20.34,16635.7,SOLBUSD,338440.66532630264
20.35,20.43,20.31,20.42,9294.96,SOLBUSD,189377.6966544846
20.42,20.45,20.37,20.42,10749.23,SOLBUSD,219410.36649820072
20.42,20.46,20.41,20.44,14763.57,SOLBUSD,301608.30656436144
20.44,20.48,20.41,20.44,11021.7,SOLBUSD,225274.99839897544
20.44,20.52,20.44,20.47,10903.98,SOLBUSD,223141.44873376543
20.47,20.5,20.43,20.45,15425.25,SOLBUSD,315588.6001030972
20.45,20.48,20.38,20.42,13323.62,SOLBUSD,272191.24273512827
20.43,20.47,20.4,20.46,18288.42,SOLBUSD,373755.4046355588
20.46,20.53,20.45,20.48,19832.02,SOLBUSD,406094.68655851926
20.48,20.5,20.39,20.4,18713.43,SOLBUSD,382487.99307632574
20.4,20.4,20.32,20.38,17754.03,SOLBUSD,361680.39629499323
20.39,20.59,20.23,20.42,91761.26,SOLBUSD,1872317.8451555488
20.41,20.45,20.37,20.4,22092.28,SOLBUSD,450775.960183775
20.41,20.51,20.39,20.49,11905.87,SOLBUSD,243436.02705935005
20.49,20.52,20.43,20.44,14096.82,SOLBUSD,288515.6662402787
20.44,20.44,20.33,20.38,20170.86,SOLBUSD,411369.18848687597
20.37,20.4,20.33,20.35,9696.74,SOLBUSD,197418.2288831116
20.35,20.38,20.34,20.36,4850.75,SOLBUSD,98733.31956230565
20.36,20.38,20.34,20.36,4879.14,SOLBUSD,99323.3722721063
20.36,20.37,20.33,20.36,8487.53,SOLBUSD,172735.98949901445
20.36,20.37,20.16,20.22,25995.17,SOLBUSD,527032.5944373576
20.22,20.28,20.22,20.24,8247.01,SOLBUSD,166892.7352221402
20.24,20.28,20.22,20.27,12371.04,SOLBUSD,250504.34035130695
20.27,20.3,20.25,20.29,5448.09,SOLBUSD,110455.9426781292
20.29,20.29,20.24,20.24,5126.05,SOLBUSD,103862.7576144232
20.25,20.25,20.1,20.18,32120.99,SOLBUSD,648579.4480230977
20.18,20.2,20.15,20.18,9609.18,SOLBUSD,193858.16063987292
20.18,20.2,20.17,20.18,9809.33,SOLBUSD,197945.07892213133
20.17,20.24,20.17,20.24,9494.3,SOLBUSD,191801.59228720042
20.24,20.26,20.19,20.19,11295.69,SOLBUSD,228362.25316798757
20.2,20.24,20.2,20.2,8769.4,SOLBUSD,177201.17473306222
20.2,20.25,20.19,20.22,7783.12,SOLBUSD,157310.559316087
20.22,20.26,20.21,20.21,9127.41,SOLBUSD,184572.28664679185
20.21,20.23,20.18,20.21,8049.8,SOLBUSD,162640.26784671997
20.21,20.24,20.21,20.23,6186.82,SOLBUSD,125092.9193480958
20.24,20.31,20.2,20.27,15804.96,SOLBUSD,320078.1672545604
20.28,20.31,20.22,20.23,13111.39,SOLBUSD,265594.1957653533
20.23,20.35,20.21,20.33,23632.66,SOLBUSD,479193.5465199493
20.35,20.36,20.27,20.27,12751.73,SOLBUSD,258978.01033781623
20.27,20.3,20.21,20.3,10739.91,SOLBUSD,217663.0917763738
20.29,20.31,20.25,20.25,5110.59,SOLBUSD,103600.60862790905
20.25,20.29,20.22,20.24,12286.61,SOLBUSD,248763.9841706754
20.25,20.27,20.23,20.24,11214.23,SOLBUSD,227023.73781106272
20.24,20.29,20.22,20.28,9415.45,SOLBUSD,190702.9152424252
20.27,20.37,20.25,20.36,15094.72,SOLBUSD,306562.36857324
20.36,20.39,20.27,20.28,14321.33,SOLBUSD,291034.38942539226
20.29,20.3,20.23,20.25,15384.7,SOLBUSD,311759.4429105823
20.25,20.26,20.23,20.25,4087.66,SOLBUSD,82751.633603089
20.25,20.29,20.24,20.27,3716.16,SOLBUSD,75286.6261375939
20.28,20.29,20.26,20.26,4593.93,SOLBUSD,93115.52270234498
20.26,20.27,20.24,20.27,2688.96,SOLBUSD,54469.59999246489
20.26,20.29,20.26,20.29,3440.11,SOLBUSD,69737.05379358472
20.29,20.32,20.26,20.31,4851.67,SOLBUSD,98448.86467566177
20.31,20.34,20.28,20.31,9265.51,SOLBUSD,188152.35373490205
20.31,20.33,20.22,20.27,13236.3,SOLBUSD,268422.2358775788
20.27,20.27,20.1,20.15,33930.66,SOLBUSD,685204.6905536627
20.14,20.18,20.0,20.11,58517.92,SOLBUSD,1176460.5301519977
20.11,20.12,20.09,20.1,9184.41,SOLBUSD,184622.9743232969
20.1,20.19,20.1,20.11,16731.68,SOLBUSD,336671.1031763856
20.11,20.18,19.84,19.94,89526.24,SOLBUSD,1791804.3444565658
19.94,20.02,19.87,19.91,35611.7,SOLBUSD,709805.4820410624
19.9,19.98,19.84,19.93,44710.54,SOLBUSD,890155.9662978894
19.93,19.98,19.88,19.95,14334.24,SOLBUSD,285707.2853273581
19.94,19.99,19.93,19.99,12340.81,SOLBUSD,246313.94395303927
19.99,20.07,19.7,19.74,69463.44,SOLBUSD,1380364.6449201913
19.74,19.75,19.35,19.63,159407.06,SOLBUSD,3126666.902149752
19.62,19.69,19.61,19.66,15851.28,SOLBUSD,311348.497121089
19.66,19.69,19.58,19.62,10989.48,SOLBUSD,215771.33276042074
19.62,19.68,19.28,19.48,72653.43,SOLBUSD,1417604.493100563
19.48,19.52,19.41,19.47,45309.6,SOLBUSD,882036.551811381
19.46,19.58,19.44,19.57,33897.03,SOLBUSD,661309.8126075485
19.57,19.6,19.52,19.55,13196.97,SOLBUSD,258091.37001083198
19.55,19.59,19.53,19.57,15323.37,SOLBUSD,299677.0892472199
19.57,19.61,19.56,19.59,16886.52,SOLBUSD,330627.2896922693
19.6,19.8,19.59,19.74,26468.39,SOLBUSD,520880.6068898313
19.74,19.75,19.67,19.71,16582.18,SOLBUSD,326906.7422183438
19.7,19.81,19.7,19.77,16068.91,SOLBUSD,317229.7869021772
19.77,19.89,19.77,19.88,24339.2,SOLBUSD,482508.1585014028
19.88,19.91,19.85,19.89,32306.58,SOLBUSD,642232.6489971656
19.9,19.9,19.74,19.87,18947.38,SOLBUSD,376092.58671548124
19.87,19.89,19.76,19.77,22830.98,SOLBUSD,452494.5816977278
19.76,20.03,19.73,19.87,50516.51,SOLBUSD,1002465.7713655004
19.88,19.9,19.66,19.74,46106.29,SOLBUSD,912527.7636665493
19.74,19.75,19.58,19.68,24713.13,SOLBUSD,486461.78374596074
19.68,19.74,19.64,19.7,18492.92,SOLBUSD,364067.2473146892
19.7,19.71,19.58,19.66,36537.35,SOLBUSD,718300.5254521453
19.66,19.76,19.66,19.74,20961.64,SOLBUSD,412982.92920962005
19.74,19.75,19.65,19.69,21657.44,SOLBUSD,426745.60612483224
19.69,19.7,19.6,19.66,16138.06,SOLBUSD,317263.7582577348
19.66,19.75,19.65,19.69,19022.73,SOLBUSD,374449.98539310077
19.69,19.72,19.59,19.6,22274.66,SOLBUSD,437626.93242166337
19.6,19.61,19.51,19.53,31092.17,SOLBUSD,608143.1111551618
19.53,19.65,19.42,19.46,43748.48,SOLBUSD,853614.7820456671
19.46,19.86,19.43,19.79,68286.68,SOLBUSD,1340594.110571961
19.79,19.9,19.79,19.9,19724.91,SOLBUSD,391378.11446996656
19.9,20.18,19.9,20.05,83152.87,SOLBUSD,1663414.4582741046
20.06,20.1,19.88,19.91,40903.7,SOLBUSD,817431.6975023509
19.92,20.0,19.92,19.95,22438.4,SOLBUSD,447518.2621809639
19.95,19.99,19.79,19.86,27692.77,SOLBUSD,550928.5961283742
19.85,19.86,19.75,19.84,24654.11,SOLBUSD,488689.4106088246
19.85,19.86,19.74,19.82,20289.51,SOLBUSD,402022.93394572457
19.81,19.86,19.78,19.81,23604.15,SOLBUSD,467641.2854009443
19.81,19.88,19.79,19.86,20567.42,SOLBUSD,407889.4050267418
19.87,19.94,19.83,19.93,14460.91,SOLBUSD,287617.55695137545
19.93,19.97,19.85,19.91,26009.18,SOLBUSD,517889.8197353713
19.92,19.94,19.82,19.85,36435.9,SOLBUSD,724320.6980000924
19.85,19.98,19.84,19.97,24110.0,SOLBUSD,479953.17997677595
19.98,20.07,19.95,20.01,64473.76,SOLBUSD,1289429.7330657637
20.01,20.1,19.97,20.1,24556.48,SOLBUSD,492155.76592103
20.09,20.16,19.98,19.99,41765.19,SOLBUSD,837466.6682841155
19.99,20.04,19.93,19.94,45014.88,SOLBUSD,899028.1446421853
19.93,20.04,19.89,20.03,32594.53,SOLBUSD,650889.9351063118
20.04,20.1,19.99,20.08,29999.78,SOLBUSD,601474.1927789067
20.09,20.12,20.05,20.07,24818.86,SOLBUSD,498344.8883671066
20.07,20.11,20.03,20.03,13839.86,SOLBUSD,277583.104554722
20.04,20.11,20.02,20.03,26505.29,SOLBUSD,531345.9079862245
20.03,20.07,19.91,19.95,19752.19,SOLBUSD,394783.00793239725
19.95,19.95,19.78,19.84,40667.95,SOLBUSD,808349.2953497168
19.83,19.93,19.81,19.91,16139.95,SOLBUSD,320649.41740276635
19.9,19.91,19.46,19.56,102469.82,SOLBUSD,2019100.3851518214
19.56,19.6,19.45,19.59,37008.52,SOLBUSD,723400.6297054641
19.58,19.61,19.52,19.56,18118.65,SOLBUSD,354479.8729167759
19.55,19.55,19.37,19.47,41529.02,SOLBUSD,809063.2896209387
19.46,19.54,19.43,19.43,23059.91,SOLBUSD,448789.2226396205
19.42,19.51,19.41,19.5,17450.11,SOLBUSD,339524.7264385103
19.5,19.56,19.48,19.5,25984.61,SOLBUSD,506878.50587108615
19.5,19.52,19.44,19.45,24235.43,SOLBUSD,471969.9472400069
19.45,19.46,19.33,19.42,44287.57,SOLBUSD,859705.3902801907
19.42,19.49,19.39,19.47,18127.83,SOLBUSD,352393.8581333556
19.47,19.48,18.72,19.12,241576.3,SOLBUSD,4636917.880448275
19.11,19.12,18.81,18.99,106390.79,SOLBUSD,2021898.8999209462
18.99,19.19,18.93,19.17,101596.96,SOLBUSD,1937143.5695666815
19.17,19.2,19.05,19.11,30752.22,SOLBUSD,588272.5692460922
19.1,19.29,19.05,19.24,46951.57,SOLBUSD,899917.3710297126
19.25,19.28,19.13,19.14,36362.99,SOLBUSD,698057.533334062
19.14,19.3,19.12,19.19,25635.14,SOLBUSD,491795.4308203803
19.2,19.37,19.16,19.32,32373.82,SOLBUSD,623500.7819725901
19.32,19.36,19.2,19.26,15216.49,SOLBUSD,293402.9872204537
19.26,19.3,19.21,19.24,24534.2,SOLBUSD,472268.9969875955
19.24,19.25,19.21,19.21,5800.31,SOLBUSD,111507.58968520547
19.22,19.28,19.04,19.05,19281.8,SOLBUSD,369139.10516993626
19.05,19.15,18.78,19.1,67759.93,SOLBUSD,1288587.3522704956
19.09,19.19,19.08,19.16,19808.95,SOLBUSD,378884.4913189888
19.16,19.4,19.15,19.38,54563.4,SOLBUSD,1051404.6224222097
19.38,19.47,19.3,19.37,24855.15,SOLBUSD,481615.62054460635
19.37,19.42,19.35,19.38,14544.87,SOLBUSD,281834.4122160047
19.39,19.44,19.37,19.42,13548.13,SOLBUSD,262859.335319625
19.43,19.44,19.27,19.27,21199.83,SOLBUSD,410203.9684566576
19.28,19.34,19.25,19.28,20884.24,SOLBUSD,402740.2335622131
19.29,19.39,19.29,19.37,26117.25,SOLBUSD,504896.1112309131
19.36,19.41,19.33,19.39,7631.59,SOLBUSD,147819.28691632143
19.41,19.42,19.33,19.39,15589.3,SOLBUSD,302189.123204387
19.39,19.59,19.39,19.45,55190.17,SOLBUSD,1073552.7036948823
19.45,19.5,19.34,19.36,21599.83,SOLBUSD,419239.51016941207
19.37,19.42,19.3,19.35,19296.02,SOLBUSD,373511.0861914207
19.36,19.39,19.19,19.24,32997.64,SOLBUSD,636587.4406803206
19.24,19.32,19.2,19.25,30560.27,SOLBUSD,588267.3191125084
19.26,19.3,19.2,19.26,23055.43,SOLBUSD,443861.16893750295
19.27,19.31,19.22,19.25,15475.94,SOLBUSD,298057.52585764934
19.25,19.43,19.25,19.32,38518.97,SOLBUSD,743778.405972274
19.32,19.34,19.25,19.28,14771.36,SOLBUSD,285004.6431367873
19.27,19.27,19.22,19.24,8446.22,SOLBUSD,162563.6816208636
19.23,19.26,19.21,19.24,5661.19,SOLBUSD,108875.54063733848
19.25,19.32,19.23,19.25,8367.73,SOLBUSD,161157.5710971242
19.26,19.28,19.2,19.27,13867.3,SOLBUSD,266937.4123438336
19.26,19.37,19.18,19.22,22272.95,SOLBUSD,428852.6042703397
19.22,19.25,19.18,19.23,7503.18,SOLBUSD,144188.01121019528
19.23,19.32,19.22,19.29,8859.23,SOLBUSD,170645.71729791217
19.3,19.32,19.26,19.27,5565.92,SOLBUSD,107335.47980623633
19.27,19.28,19.13,19.14,12154.43,SOLBUSD,233388.42399529723
19.14,19.25,19.1,19.24,17436.74,SOLBUSD,334426.6679323284
19.25,19.32,19.21,19.32,21240.63,SOLBUSD,409347.53888792556
19.32,19.36,19.27,19.32,16834.21,SOLBUSD,325142.7424519676
19.33,19.34,19.26,19.29,10577.94,SOLBUSD,204174.4095492164
19.28,19.32,19.26,19.31,7382.29,SOLBUSD,142400.00799074883
19.31,19.32,19.26,19.3,24342.51,SOLBUSD,469674.3140512231
19.3,19.39,19.22,19.31,30385.27,SOLBUSD,586493.642546991
19.24,19.28,19.22,19.23,375.61,SOLEUR,7737.437373754647
19.23,19.24,19.2,19.21,172.65,SOLEUR,3552.3722722736097
19.23,19.3,19.19,19.2,409.17,SOLEUR,8423.286526001546
19.2,19.28,19.15,19.26,1666.87,SOLEUR,34301.26252742563
19.25,19.4,19.25,19.39,1735.64,SOLEUR,35902.23389643676
19.37,19.42,19.3,19.38,766.59,SOLEUR,15894.073603663834
19.38,19.42,19.3,19.32,1501.1,SOLEUR,31102.930229318874
19.32,19.33,19.16,19.17,1477.04,SOLEUR,30430.471229167113
19.17,19.22,19.13,19.22,681.49,SOLEUR,13996.51121815441
19.22,19.24,19.12,19.23,1316.0,SOLEUR,27052.796685193298
19.23,19.25,19.13,19.13,1198.02,SOLEUR,24605.057109529625
19.14,19.19,19.06,19.1,2700.31,SOLEUR,55278.570014134035
19.11,19.21,19.11,19.19,1057.55,SOLEUR,21686.10576011519
19.18,19.19,19.09,19.15,1349.19,SOLEUR,27662.86072233173
19.16,19.17,19.06,19.15,1165.09,SOLEUR,23866.37426497186
19.16,19.16,19.05,19.09,1139.18,SOLEUR,23311.22840101767
19.1,19.12,18.9,18.93,1994.35,SOLEUR,40591.87477672786
18.92,18.99,18.88,18.9,2125.7,SOLEUR,43060.49242781915
18.92,19.12,18.86,19.11,3383.07,SOLEUR,68820.88145168398
19.11,19.11,19.03,19.05,631.33,SOLEUR,12891.975725593107
19.05,19.1,19.0,19.07,465.66,SOLEUR,9498.96729647342
19.04,19.16,18.98,19.15,1053.8,SOLEUR,21527.419347820043
19.18,19.43,19.17,19.38,1395.79,SOLEUR,28823.772127648044
19.38,19.42,19.3,19.32,565.53,SOLEUR,11717.833677027984
19.29,19.37,19.29,19.34,123.11,SOLEUR,2546.5672691285804
19.35,19.36,19.3,19.32,525.27,SOLEUR,10870.990640386462
19.31,19.31,19.13,19.13,1415.11,SOLEUR,29116.695778842208
19.11,19.13,19.06,19.13,1219.34,SOLEUR,24941.76567140908
19.14,19.17,19.0,19.03,1228.78,SOLEUR,25105.26464758797
18.99,19.08,18.95,19.06,1213.33,SOLEUR,24705.17610204262
19.04,19.15,19.03,19.13,638.62,SOLEUR,13049.38579948532
19.14,19.14,19.07,19.1,1075.34,SOLEUR,22001.981984925827
19.11,19.11,18.94,19.0,2004.13,SOLEUR,40849.932068988775
19.0,19.13,18.97,19.04,2349.48,SOLEUR,47876.58215290199
19.05,19.19,19.02,19.07,990.65,SOLEUR,20237.367600035992
19.06,19.14,18.93,19.05,2949.66,SOLEUR,60138.340728282994
19.05,19.1,19.02,19.05,1216.54,SOLEUR,24816.118358570144
19.08,19.23,19.01,19.19,1532.77,SOLEUR,31385.836484094463
19.21,19.26,19.1,19.21,1377.61,SOLEUR,28308.242587317618
19.27,19.39,19.25,19.36,3136.63,SOLEUR,64865.34291602772
19.38,19.54,19.37,19.42,2601.04,SOLEUR,54095.663784123186
19.44,19.54,19.35,19.46,1871.69,SOLEUR,38966.93128888199
19.46,19.49,19.38,19.45,1511.6,SOLEUR,31466.130266618537
19.46,19.46,19.36,19.41,1354.9,SOLEUR,28171.55881457994
19.41,19.6,19.4,19.46,1535.56,SOLEUR,32001.87905196213
19.48,19.48,19.38,19.4,559.02,SOLEUR,11630.821654881429
19.41,19.47,19.34,19.34,192.83,SOLEUR,4002.680411712829
19.37,19.45,19.29,19.41,523.22,SOLEUR,10855.169637705012
19.43,19.48,19.39,19.42,273.01,SOLEUR,5678.71222787403
19.42,19.42,19.35,19.37,199.75,SOLEUR,4146.322731108425
19.34,19.39,19.29,19.29,537.7,SOLEUR,11125.3638670882
19.3,19.32,19.2,19.21,1832.75,SOLEUR,37783.45256663426
19.23,19.39,19.21,19.37,1216.41,SOLEUR,25132.506082218213
19.4,19.4,19.31,19.32,1648.62,SOLEUR,34163.97045325033
19.34,19.34,19.26,19.27,1259.19,SOLEUR,26019.762772609316
19.27,19.33,19.24,19.26,1133.85,SOLEUR,23396.370851021733
19.26,19.3,19.22,19.3,1022.22,SOLEUR,21087.475643593098
19.3,19.3,19.07,19.07,2572.78,SOLEUR,52840.018388888035
19.07,19.18,19.03,19.17,2090.62,SOLEUR,42775.107014828456
19.13,19.22,19.03,19.14,1343.58,SOLEUR,27515.474468033113
19.14,19.18,19.05,19.08,1075.2,SOLEUR,21999.117516499202
19.06,19.17,19.06,19.13,1848.56,SOLEUR,37807.59907467079
19.12,19.15,18.71,18.8,5956.15,SOLEUR,120797.72122464023
18.81,18.97,18.75,18.92,3365.15,SOLEUR,67951.99094707599
18.91,19.02,18.88,18.96,1931.44,SOLEUR,39166.703727535176
18.92,18.98,18.89,18.97,1711.41,SOLEUR,34700.24535015452
18.97,19.09,18.97,19.04,1597.4,SOLEUR,32521.12873468476
19.05,19.09,19.0,19.03,1168.41,SOLEUR,23818.68248484389
19.01,19.01,18.93,18.94,315.13,SOLEUR,6400.484003422992
18.92,18.97,18.89,18.96,508.78,SOLEUR,10313.20964211708
18.96,19.0,18.93,18.95,428.96,SOLEUR,8706.70109479027
18.94,18.96,18.91,18.96,169.84,SOLEUR,3444.100236654814
18.96,18.96,18.88,18.94,477.09,SOLEUR,9670.838453079203
18.93,19.01,18.91,19.01,1846.1,SOLEUR,37480.6034774772
19.02,19.03,18.96,19.01,541.39,SOLEUR,11014.79982851643
19.0,19.02,18.94,18.99,993.91,SOLEUR,20202.88317914736
19.0,19.03,18.96,19.01,1886.03,SOLEUR,38361.9524794069
19.0,19.07,19.0,19.0,1351.94,SOLEUR,27523.860511812767
19.01,19.04,18.97,18.97,843.85,SOLEUR,17161.696346885237
18.97,19.01,18.91,18.96,1569.38,SOLEUR,31858.27179239685
18.97,19.0,18.94,18.98,1361.21,SOLEUR,27647.011805602167
18.98,19.03,18.97,19.01,1078.18,SOLEUR,21927.354111850123
19.02,19.03,18.92,18.94,1353.59,SOLEUR,27499.49020965324
18.94,18.94,18.85,18.91,2183.29,SOLEUR,44197.882192975456
18.93,19.06,18.75,18.92,5091.62,SOLEUR,103100.51506128538
18.91,18.95,18.88,18.9,1720.12,SOLEUR,34821.60460487656
18.9,18.99,18.9,18.98,990.36,SOLEUR,20083.014074266728
18.97,19.0,18.94,18.96,623.18,SOLEUR,12653.833193086179
18.95,18.95,18.86,18.91,1090.84,SOLEUR,22091.403232969467
18.9,18.93,18.87,18.89,647.04,SOLEUR,13089.829481578126
18.89,18.92,18.87,18.9,965.38,SOLEUR,19527.36747029327
18.9,18.91,18.87,18.9,596.28,SOLEUR,12061.342347248203
18.9,18.91,18.87,18.88,641.25,SOLEUR,12967.547323658624
18.89,18.9,18.72,18.76,1262.61,SOLEUR,25434.877768891893
18.77,18.83,18.76,18.78,506.35,SOLEUR,10182.643033636157
18.79,18.81,18.76,18.79,339.69,SOLEUR,6832.037809965274
18.8,18.83,18.8,18.82,276.33,SOLEUR,5565.101061836006
18.82,18.82,18.78,18.78,321.16,SOLEUR,6463.64958685936
18.78,18.78,18.63,18.72,2084.87,SOLEUR,41798.17225644581
18.73,18.76,18.7,18.72,1413.33,SOLEUR,28334.913349610557
18.72,18.73,18.7,18.72,586.23,SOLEUR,11746.65968217243
18.72,18.77,18.71,18.77,619.16,SOLEUR,12423.06955051577
18.78,18.79,18.73,18.74,1138.82,SOLEUR,22871.06695115754
18.74,18.78,18.74,18.75,765.91,SOLEUR,15375.718508642109
18.75,18.79,18.73,18.75,888.87,SOLEUR,17846.531493902312
18.76,18.8,18.75,18.76,1100.31,SOLEUR,22106.500076193868
18.76,18.77,18.73,18.76,1065.32,SOLEUR,21389.25481913442
18.75,18.78,18.74,18.77,799.57,SOLEUR,16057.866038651442
18.77,18.85,18.75,18.82,1205.16,SOLEUR,24251.762571587064
18.82,18.84,18.76,18.78,1603.32,SOLEUR,32268.335582274718
18.78,18.88,18.76,18.86,1269.08,SOLEUR,25568.610333576948
18.88,18.89,18.81,18.81,1126.1,SOLEUR,22721.092826406602
18.8,18.82,18.75,18.81,778.3,SOLEUR,15659.859672341745
18.82,18.84,18.76,18.77,1298.41,SOLEUR,26128.25769240131
18.76,18.8,18.75,18.77,969.33,SOLEUR,19477.554677483997
18.78,18.78,18.74,18.76,563.12,SOLEUR,11312.224787238154
18.75,18.81,18.74,18.8,584.42,SOLEUR,11746.365795152033
18.81,18.88,18.77,18.87,1159.19,SOLEUR,23370.128889187836
18.88,18.91,18.8,18.8,689.8,SOLEUR,13917.955627080433
18.81,18.81,18.76,18.78,458.67,SOLEUR,9226.25855464928
18.77,18.78,18.75,18.77,184.46,SOLEUR,3706.014672278468
18.77,18.8,18.77,18.79,571.22,SOLEUR,11485.64285849459
18.79,18.8,18.77,18.77,405.47,SOLEUR,8152.8721155313215
18.78,18.78,18.75,18.78,676.17,SOLEUR,13588.656384929149
18.78,18.81,18.78,18.81,657.32,SOLEUR,13225.6699984886
18.81,18.84,18.78,18.81,830.04,SOLEUR,16714.228026938505
18.81,18.85,18.8,18.82,707.3,SOLEUR,14250.227006129617
18.83,18.83,18.73,18.77,964.94,SOLEUR,19410.00268106324
18.77,18.79,18.63,18.67,2008.13,SOLEUR,40232.79100437655
18.65,18.7,18.55,18.63,3188.07,SOLEUR,63591.267879392886
18.64,18.65,18.63,18.63,839.09,SOLEUR,16741.513112395653
18.63,18.71,18.63,18.63,1284.6,SOLEUR,25647.513043734296
18.63,18.71,18.38,18.47,7086.61,SOLEUR,140709.17542542057
18.46,18.54,18.42,18.45,1962.77,SOLEUR,38803.95788899912
18.43,18.51,18.4,18.47,2058.02,SOLEUR,40654.00258918684
18.48,18.52,18.44,18.47,1653.86,SOLEUR,32714.513031385028
18.47,18.53,18.46,18.52,1095.79,SOLEUR,21696.02506929858
18.53,18.6,18.26,18.28,4361.32,SOLEUR,85989.83925145578
18.29,18.29,17.92,18.18,8890.47,SOLEUR,172933.11073007985
18.18,18.23,18.18,18.2,1404.44,SOLEUR,27359.831837800568
18.2,18.24,18.13,18.17,1464.91,SOLEUR,28518.24229963317
18.17,18.23,17.86,18.03,3265.01,SOLEUR,63168.60042843788
18.02,18.07,17.99,18.02,1221.82,SOLEUR,23576.590957571432
18.0,18.14,18.0,18.13,1881.29,SOLEUR,36387.508168127875
18.12,18.16,18.09,18.11,886.14,SOLEUR,17189.333582912855
18.11,18.14,18.09,18.13,723.06,SOLEUR,14023.974466428672
18.13,18.18,18.13,18.17,712.89,SOLEUR,13853.435074873598
18.17,18.33,18.17,18.3,1775.74,SOLEUR,34678.65443611583
18.3,18.32,18.23,18.27,1627.96,SOLEUR,31857.994043603696
18.28,18.38,18.27,18.33,1324.07,SOLEUR,25960.69854700259
18.34,18.42,18.34,18.42,2222.45,SOLEUR,43729.65104006627
18.43,18.45,18.38,18.42,2864.12,SOLEUR,56478.004197526956
18.42,18.43,18.28,18.39,1496.91,SOLEUR,29453.68936911319
18.38,18.39,18.29,18.29,2248.55,SOLEUR,44140.899771919176
18.28,18.55,18.26,18.41,2364.39,SOLEUR,46509.853030709506
18.41,18.44,18.2,18.31,2879.63,SOLEUR,56537.22993922221
18.31,18.33,18.17,18.25,2153.02,SOLEUR,42098.46358378345
18.24,18.3,18.19,18.22,965.5,SOLEUR,18850.20547491831
18.25,18.26,18.15,18.21,1441.8,SOLEUR,28118.51007972205
18.23,18.31,18.22,18.28,1400.55,SOLEUR,27377.759026334305
18.27,18.29,18.21,18.23,1868.08,SOLEUR,36496.972907058196
18.25,18.25,18.15,18.22,1489.32,SOLEUR,29045.262471862705
18.21,18.29,18.21,18.24,1415.87,SOLEUR,27643.128353985074
18.24,18.26,18.15,18.16,806.75,SOLEUR,15720.578347254243
18.16,18.16,18.08,18.1,2507.81,SOLEUR,48659.89311044581
18.07,18.18,18.0,18.03,2581.55,SOLEUR,49938.69613915995
18.01,18.4,18.0,18.35,3318.46,SOLEUR,64620.12469420845
18.35,18.43,18.34,18.42,1151.57,SOLEUR,22664.830844718505
18.43,18.68,18.43,18.57,4481.04,SOLEUR,88877.97440170904
18.6,18.62,18.42,18.45,2435.47,SOLEUR,48292.63397445549
18.46,18.52,18.45,18.48,992.21,SOLEUR,19626.611064340723
18.47,18.51,18.3,18.36,4116.65,SOLEUR,81132.75784039799
18.36,18.39,18.3,18.39,2419.28,SOLEUR,47550.74411889994
18.39,18.39,18.3,18.35,1646.34,SOLEUR,32354.26754754166
18.35,18.4,18.34,18.39,1547.51,SOLEUR,30432.74492607128
18.39,18.45,18.37,18.44,1444.09,SOLEUR,28464.628887401333
18.45,18.51,18.41,18.51,1365.02,SOLEUR,26990.095149388897
18.51,18.54,18.44,18.51,2808.55,SOLEUR,55622.74195746475
18.52,18.52,18.4,18.42,2098.1,SOLEUR,41473.816450369304
18.43,18.55,18.43,18.54,1932.61,SOLEUR,38249.07307358302
18.55,18.66,18.53,18.58,3872.7,SOLEUR,77029.6759235242
18.58,18.67,18.56,18.66,2520.4,SOLEUR,50233.025823365984
18.67,18.72,18.55,18.55,3288.69,SOLEUR,65563.09188318574
18.55,18.6,18.5,18.5,3006.35,SOLEUR,59660.81880062936
18.49,18.62,18.45,18.61,2003.66,SOLEUR,39773.226320363094
18.59,18.67,18.57,18.66,1761.49,SOLEUR,35116.94039915981
18.65,18.68,18.62,18.64,1607.41,SOLEUR,32088.231869009032
18.63,18.67,18.6,18.61,1052.44,SOLEUR,20987.002948242334
18.61,18.66,18.58,18.61,1640.23,SOLEUR,32686.34023637689
18.61,18.64,18.48,18.51,677.93,SOLEUR,13469.805674447936
18.51,18.51,18.36,18.43,1204.9,SOLEUR,23801.521714906183
18.41,18.51,18.41,18.49,1003.38,SOLEUR,19823.39319386334
18.47,18.47,18.06,18.17,4313.98,SOLEUR,84479.1813362618
18.15,18.18,18.07,18.18,2000.62,SOLEUR,38861.54692540957
18.18,18.2,18.12,18.14,1734.67,SOLEUR,33723.38940948202
18.14,18.14,18.01,18.05,3027.32,SOLEUR,58610.489525827776
18.08,18.16,18.05,18.05,2770.17,SOLEUR,53631.9317976832
18.04,18.13,18.04,18.13,1218.51,SOLEUR,23590.98727327022
18.13,18.18,18.13,18.13,2621.21,SOLEUR,50909.338434134224
18.14,18.17,18.09,18.11,2208.13,SOLEUR,42851.00948669719
18.1,18.11,17.99,18.03,5933.7,SOLEUR,114704.83228734366
18.05,18.1,18.01,18.08,2037.0,SOLEUR,39382.8626223774
18.06,18.1,17.42,17.79,10016.2,SOLEUR,191318.60200804478
17.78,17.8,17.51,17.7,4526.53,SOLEUR,85758.23409266806
17.69,17.87,17.64,17.86,3736.91,SOLEUR,71068.37016920839
17.86,17.89,17.77,17.81,1340.37,SOLEUR,25587.946686420386
17.79,17.96,17.78,17.94,2392.42,SOLEUR,45761.444053957086
17.96,17.97,17.83,17.87,2490.66,SOLEUR,47747.20029905351
17.85,17.99,17.84,17.9,1746.31,SOLEUR,33454.26934906802
17.89,18.06,17.87,18.02,2910.39,SOLEUR,55957.20674373035
18.03,18.06,17.91,17.97,2330.29,SOLEUR,44884.8717264207
17.96,18.0,17.92,17.93,2421.08,SOLEUR,46529.949486026875
17.94,17.94,17.92,17.92,649.34,SOLEUR,12463.813783673053
17.93,17.98,17.77,17.77,1093.5,SOLEUR,20910.264901593182
17.78,17.86,17.54,17.81,2311.98,SOLEUR,43925.8084355285
17.82,17.9,17.81,17.88,2081.4,SOLEUR,39778.93004625439
17.89,18.11,17.88,18.09,2575.6,SOLEUR,49609.90933255911
18.08,18.17,18.01,18.08,3343.99,SOLEUR,64741.3854067204
18.1,18.11,18.06,18.1,1543.65,SOLEUR,29898.260676546524
18.09,18.14,18.08,18.12,1540.45,SOLEUR,29861.0177696191
18.14,18.16,18.02,18.02,1971.38,SOLEUR,38166.94199537094
18.04,18.07,17.98,18.03,1308.1,SOLEUR,25248.47650720431
18.03,18.11,18.02,18.09,1980.32,SOLEUR,38292.3252621901
18.08,18.11,18.03,18.11,944.71,SOLEUR,18287.54853743833
18.11,18.13,18.02,18.08,1434.38,SOLEUR,27770.342734186288
18.09,18.27,18.09,18.17,3752.05,SOLEUR,72922.80674207928
18.16,18.22,18.08,18.11,3014.82,SOLEUR,58554.06155859186
18.13,18.15,18.03,18.08,7753.06,SOLEUR,150207.02195814272
18.09,18.11,17.93,17.98,1717.69,SOLEUR,33149.638524686874
17.96,18.05,17.95,18.01,2153.02,SOLEUR,41470.386314329255
18.01,18.03,17.94,17.98,3906.03,SOLEUR,75225.52777957286
17.99,18.02,17.95,17.97,1032.82,SOLEUR,19882.601753565403
17.99,18.15,17.99,18.06,1242.16,SOLEUR,23998.99725293544
18.04,18.06,17.97,18.0,1624.32,SOLEUR,31330.305379433947
17.99,17.99,17.94,17.96,897.28,SOLEUR,17261.34251342707
17.95,17.98,17.94,17.96,894.83,SOLEUR,17202.23659070918
17.96,18.03,17.96,17.98,1493.1,SOLEUR,28743.35574277078
17.98,18.01,17.92,18.01,1169.59,SOLEUR,22512.40221068659
18.0,18.08,17.89,17.94,1238.55,SOLEUR,23836.43742523417
17.95,17.96,17.9,17.94,578.99,SOLEUR,11118.123209230756
17.94,18.02,17.94,17.99,1123.78,SOLEUR,21621.62329198358
17.98,18.01,17.96,17.96,447.42,SOLEUR,8610.793938717268
17.97,17.98,17.83,17.85,1440.02,SOLEUR,27605.905010978233
17.85,17.96,17.82,17.96,3463.39,SOLEUR,66357.84524528954
17.96,18.02,17.91,18.02,2312.38,SOLEUR,44502.766277794995
18.02,18.07,17.99,18.04,1484.28,SOLEUR,28649.039607150225
18.06,18.08,17.99,18.02,2303.32,SOLEUR,44476.34888299336
18.01,18.04,17.99,18.0,1047.21,SOLEUR,20190.450026603754
18.0,18.01,17.97,18.01,1573.81,SOLEUR,30322.359210896004
18.0,18.07,17.93,18.02,2534.62,SOLEUR,48854.49053080152
16.72,16.72,16.72,16.72,10.52,SOLGBP,216.84998453641597
16.7,16.7,16.7,16.7,17.95,SOLGBP,369.56284915584996
16.74,16.77,16.74,16.75,306.97,SOLGBP,6338.961705802775
16.74,16.74,16.71,16.71,1.66,SOLGBP,34.228005813015
16.87,16.88,16.87,16.88,15.76,SOLGBP,327.8743006455
16.81,16.87,16.81,16.87,347.62,SOLGBP,7216.958782982312
16.88,16.88,16.76,16.76,187.06,SOLGBP,3878.951094327988
16.76,16.76,16.7,16.7,28.12,SOLGBP,579.987508329964
16.67,16.72,16.65,16.69,86.27,SOLGBP,1774.3051542776298
16.73,16.76,16.65,16.72,172.74,SOLGBP,3559.644921533799
16.75,16.75,16.69,16.69,30.78,SOLGBP,634.471722816624
16.65,16.68,16.58,16.65,146.52,SOLGBP,3005.7829355473923
16.62,16.72,16.62,16.72,477.97,SOLGBP,9822.988174182212
16.66,16.66,16.6,16.6,94.04,SOLGBP,1928.0231857110284
16.68,16.7,16.6,16.69,167.58,SOLGBP,3443.4995651399386
16.65,16.65,16.6,16.63,399.31,SOLGBP,8187.948476682557
16.63,16.64,16.45,16.45,419.5,SOLGBP,8555.403381953838
16.46,16.5,16.46,16.48,32.87,SOLGBP,667.6248754278424
16.48,16.65,16.44,16.65,148.2,SOLGBP,3024.7171678623895
16.63,16.65,16.6,16.6,74.71,SOLGBP,1530.795364543578
16.57,16.64,16.57,16.58,176.47,SOLGBP,3609.313902166497
16.56,16.67,16.56,16.67,24.67,SOLGBP,505.33208961797465
16.74,16.92,16.72,16.92,941.95,SOLGBP,19538.45891265354
16.84,16.89,16.84,16.85,87.21,SOLGBP,1812.1845603793997
16.86,16.87,16.86,16.87,41.22,SOLGBP,857.0412307333171
16.86,16.87,16.86,16.86,67.5,SOLGBP,1403.2437549834374
16.79,16.79,16.66,16.67,661.67,SOLGBP,13645.198737617508
16.68,16.69,16.63,16.69,110.57,SOLGBP,2272.717302367034
16.68,16.71,16.58,16.58,44.41,SOLGBP,910.9115824218986
16.54,16.62,16.54,16.6,343.98,SOLGBP,7029.009201315465
16.6,16.68,16.6,16.68,37.1,SOLGBP,761.0875437401601
16.64,16.64,16.6,16.6,30.34,SOLGBP,621.661509306012
16.6,16.6,16.46,16.46,78.6,SOLGBP,1601.77968831762
16.5,16.6,16.49,16.52,206.64,SOLGBP,4210.454141792514
16.6,16.63,16.57,16.57,49.24,SOLGBP,1007.2499469057831
16.6,16.6,16.47,16.6,85.6,SOLGBP,1748.38924587642
16.56,16.56,16.5,16.53,44.19,SOLGBP,900.9511445821163
16.53,16.64,16.53,16.64,107.21,SOLGBP,2192.0888571611363
16.66,16.69,16.54,16.67,156.61,SOLGBP,3212.7741300578564
16.72,16.8,16.69,16.8,406.51,SOLGBP,8395.725731182083
16.81,16.95,16.81,16.91,58.56,SOLGBP,1217.933379592608
16.86,16.92,16.81,16.91,1045.16,SOLGBP,21743.724877071752
16.9,16.92,16.9,16.91,201.92,SOLGBP,4208.875857604935
16.89,16.89,16.81,16.81,833.52,SOLGBP,17315.03257077468
16.86,17.0,16.86,16.91,110.85,SOLGBP,2310.587801186148
16.92,16.92,16.83,16.89,40.94,SOLGBP,852.4813184347739
16.89,16.89,16.8,16.8,202.45,SOLGBP,4204.324020420772
16.8,16.9,16.8,16.9,25.27,SOLGBP,524.943460341055
16.87,16.89,16.83,16.83,326.41,SOLGBP,6782.652933762641
16.85,16.85,16.85,16.85,4.85,SOLGBP,100.750921355525
16.8,16.84,16.75,16.75,43.56,SOLGBP,901.398018946194
16.79,16.79,16.68,16.71,14.18,SOLGBP,292.6873287683485
16.7,16.83,16.7,16.83,119.43,SOLGBP,2468.450215559066
16.82,16.83,16.77,16.83,24.34,SOLGBP,504.4989350687125
16.8,16.8,16.74,16.74,107.44,SOLGBP,2221.296052735032
16.76,16.79,16.72,16.72,62.89,SOLGBP,1298.4910596740197
16.75,16.8,16.75,16.8,185.02,SOLGBP,3826.3843188328447
16.76,16.78,16.6,16.6,1409.14,SOLGBP,28985.96320629271
16.55,16.63,16.55,16.61,265.22,SOLGBP,5422.869197801293
16.57,16.63,16.57,16.59,198.36,SOLGBP,4057.026722013636
16.59,16.63,16.52,16.56,333.29,SOLGBP,6810.565953562507
16.57,16.61,16.56,16.57,203.08,SOLGBP,4150.434590503944
16.58,16.62,16.26,16.35,1362.33,SOLGBP,27632.590587190876
16.35,16.43,16.35,16.43,290.92,SOLGBP,5878.410563649933
16.47,16.5,16.42,16.46,191.14,SOLGBP,3879.312378643852
16.44,16.46,16.37,16.43,409.88,SOLGBP,8299.835566367312
16.46,16.56,16.44,16.55,516.76,SOLGBP,10513.46839719829
16.56,16.56,16.52,16.52,27.86,SOLGBP,568.098967416316
16.51,16.51,16.43,16.44,18.8,SOLGBP,381.79017502087
16.41,16.45,16.4,16.4,162.51,SOLGBP,3288.731059953118
16.44,16.48,16.42,16.42,83.56,SOLGBP,1693.5874513188962
16.43,16.44,16.43,16.44,23.32,SOLGBP,472.5041606973381
16.44,16.47,16.44,16.44,49.23,SOLGBP,998.2449307097031
16.44,16.51,16.42,16.51,84.91,SOLGBP,1724.0895623719532
16.51,16.53,16.48,16.53,64.85,SOLGBP,1320.1710158043315
16.51,16.52,16.49,16.5,23.75,SOLGBP,483.2663156181875
16.49,16.54,16.47,16.49,180.62,SOLGBP,3673.59569607927
16.49,16.59,16.49,16.56,97.61,SOLGBP,1989.482973716544
16.55,16.56,16.5,16.5,80.94,SOLGBP,1649.2167936347566
16.5,16.51,16.44,16.46,108.28,SOLGBP,2199.6164048151927
16.47,16.5,16.46,16.47,142.76,SOLGBP,2899.60837286519
16.5,16.51,16.46,16.49,122.17,SOLGBP,2483.6626831344374
16.5,16.5,16.44,16.44,174.44,SOLGBP,3541.9877901326518
16.43,16.44,16.39,16.4,165.12,SOLGBP,3341.5498899726717
16.43,16.51,16.28,16.44,654.63,SOLGBP,13247.812527088241
16.44,16.46,16.39,16.43,374.01,SOLGBP,7575.794058432327
16.42,16.48,16.38,16.47,444.47,SOLGBP,9007.11279781893
16.47,16.49,16.43,16.44,317.56,SOLGBP,6443.132160708593
16.44,16.44,16.36,16.41,153.29,SOLGBP,3101.672545583316
16.41,16.42,16.39,16.41,34.48,SOLGBP,697.4563821348338
16.41,16.43,16.39,16.39,182.9,SOLGBP,3699.1106534768055
16.4,16.43,16.4,16.42,53.71,SOLGBP,1086.7690809790588
16.43,16.43,16.4,16.41,37.12,SOLGBP,751.315545783264
16.41,16.41,16.26,16.27,170.73,SOLGBP,3438.767578934598
16.3,16.33,16.29,16.32,334.09,SOLGBP,6717.765198060931
16.29,16.36,16.28,16.33,111.84,SOLGBP,2249.5291182895435
16.34,16.34,16.32,16.32,8.24,SOLGBP,165.89021844488798
16.3,16.32,16.3,16.3,45.22,SOLGBP,908.989242883869
16.29,16.29,16.2,16.21,276.37,SOLGBP,5535.856537230778
16.25,16.25,16.23,16.25,59.86,SOLGBP,1198.847137872573
16.25,16.26,16.23,16.23,393.89,SOLGBP,7887.424465156235
16.24,16.29,16.23,16.29,157.79,SOLGBP,3163.546106148164
16.3,16.3,16.24,16.27,242.35,SOLGBP,4863.378949555516
16.27,16.32,16.27,16.3,1635.27,SOLGBP,32841.11823302828
16.27,16.32,16.27,16.27,163.03,SOLGBP,3272.6231484919927
16.3,16.31,16.29,16.3,87.86,SOLGBP,1765.5750618230202
16.3,16.32,16.29,16.31,42.36,SOLGBP,851.498990016822
16.32,16.33,16.29,16.32,103.72,SOLGBP,2086.2049369545016
16.32,16.37,16.29,16.37,298.01,SOLGBP,6002.384620150528
16.35,16.35,16.29,16.29,85.88,SOLGBP,1727.903851895424
16.3,16.39,16.28,16.39,51.15,SOLGBP,1030.39815608499
16.39,16.39,16.34,16.35,60.35,SOLGBP,1217.7748669466014
16.34,16.37,16.32,16.36,42.13,SOLGBP,849.0830822281308
16.37,16.38,16.32,16.32,226.57,SOLGBP,4566.2652252653115
16.3,16.35,16.29,16.32,124.55,SOLGBP,2505.175712472843
16.32,16.33,16.31,16.31,36.8,SOLGBP,740.3018294747599
16.3,16.36,16.3,16.36,67.85,SOLGBP,1365.977102122045
16.35,16.38,16.32,16.38,126.78,SOLGBP,2556.672257923277
16.42,16.43,16.32,16.32,140.86,SOLGBP,2843.217383469362
16.34,16.34,16.31,16.31,41.74,SOLGBP,840.0652444763949
16.3,16.3,16.3,16.3,0.68,SOLGBP,13.66481950876
16.35,16.35,16.35,16.35,40.11,SOLGBP,808.4958621991651
16.33,16.33,16.33,16.33,2.95,SOLGBP,59.390308787915
16.33,16.34,16.3,16.34,62.41,SOLGBP,1256.2649920996298
16.34,16.36,16.32,16.34,135.59,SOLGBP,2731.411260675734
16.36,16.37,16.33,16.37,56.22,SOLGBP,1133.7443945452487
16.35,16.37,16.34,16.37,63.15,SOLGBP,1273.4962382698764
16.38,16.38,16.29,16.29,181.96,SOLGBP,3664.396414822374
16.25,16.27,16.2,16.24,166.17,SOLGBP,3326.9481106275116
16.23,16.24,16.14,16.2,960.19,SOLGBP,19179.91116675332
16.22,16.23,16.18,16.19,242.56,SOLGBP,4845.912877826273
16.2,16.26,16.2,16.21,171.06,SOLGBP,3420.1074998348895
16.26,16.27,16.0,16.04,268.5,SOLGBP,5343.458831203762
16.08,16.13,16.03,16.05,199.83,SOLGBP,3959.6017306879053
16.06,16.14,16.03,16.06,414.56,SOLGBP,8214.444745403485
16.1,16.12,16.05,16.09,237.52,SOLGBP,4711.547905918952
16.07,16.13,16.07,16.13,186.1,SOLGBP,3693.8531992369
16.11,16.19,15.95,15.95,644.86,SOLGBP,12759.917260025672
15.93,16.02,15.65,15.82,2053.41,SOLGBP,40137.40601504339
15.82,15.87,15.82,15.85,158.85,SOLGBP,3102.0570381477596
15.85,15.85,15.79,15.83,231.73,SOLGBP,4522.41652201635
15.78,15.85,15.54,15.68,172.59,SOLGBP,3343.245756455509
15.68,15.71,15.64,15.64,152.02,SOLGBP,2936.349958365632
15.64,15.75,15.64,15.75,64.17,SOLGBP,1241.6544287560037
15.75,15.76,15.74,15.74,12.12,SOLGBP,235.299833272833
15.76,15.76,15.75,15.76,41.89,SOLGBP,813.7763397613656
15.76,15.78,15.76,15.76,80.19,SOLGBP,1558.5529846232114
15.78,15.88,15.77,15.88,125.41,SOLGBP,2447.1008768026045
15.89,15.89,15.84,15.87,54.35,SOLGBP,1063.5361755620088
15.88,15.95,15.88,15.95,11.92,SOLGBP,233.87848985785197
15.98,16.0,15.98,16.0,4.05,SOLGBP,79.838224375455
16.0,16.03,16.0,16.02,239.37,SOLGBP,4725.374628388916
16.02,16.02,15.92,15.92,76.24,SOLGBP,1501.0500951267918
15.98,15.99,15.92,15.92,97.48,SOLGBP,1917.130411191933
15.89,16.04,15.89,16.01,98.95,SOLGBP,1946.6507177848414
15.95,15.96,15.9,15.91,205.19,SOLGBP,4029.761560626963
15.87,15.89,15.86,15.89,46.48,SOLGBP,909.8203016019179
15.88,15.89,15.86,15.88,97.33,SOLGBP,1905.1809370678718
15.92,15.92,15.81,15.86,74.77,SOLGBP,1463.5814103006755
15.88,15.93,15.88,15.93,22.89,SOLGBP,448.8351374617006
15.91,15.93,15.91,15.91,122.62,SOLGBP,2405.887619661897
15.89,15.89,15.82,15.86,95.62,SOLGBP,1870.235078243357
15.86,15.94,15.86,15.91,38.63,SOLGBP,756.8752620335498
15.9,15.9,15.87,15.87,26.09,SOLGBP,510.93856139693844
15.82,15.82,15.78,15.81,61.57,SOLGBP,1199.8852832070947
15.78,15.82,15.76,15.82,97.59,SOLGBP,1900.3444675123546
15.68,16.01,15.68,15.96,163.19,SOLGBP,3185.300587570726
15.98,16.04,15.98,16.04,9.57,SOLGBP,188.890733165673
16.08,16.21,16.07,16.21,135.1,SOLGBP,2688.645393279807
16.14,16.14,16.12,16.12,39.23,SOLGBP,780.117567870011
16.09,16.13,16.08,16.11,86.66,SOLGBP,1720.3601540126085
16.11,16.12,16.03,16.03,11.52,SOLGBP,228.267086711328
16.03,16.03,16.02,16.02,5.39,SOLGBP,106.48641003827748
16.07,16.07,15.98,16.04,122.74,SOLGBP,2427.156977800744
16.02,16.06,16.01,16.06,102.16,SOLGBP,2019.8770569989902
16.05,16.1,16.05,16.1,57.66,SOLGBP,1142.702038791705
16.12,16.15,16.12,16.15,12.24,SOLGBP,243.47690367663597
16.17,16.17,16.11,16.11,49.37,SOLGBP,982.367622324102
16.13,16.13,16.04,16.04,56.36,SOLGBP,1117.633555084634
16.05,16.12,16.04,16.12,19.39,SOLGBP,384.44901430398573
16.12,16.17,16.12,16.14,118.26,SOLGBP,2352.781044345218
16.15,16.19,16.15,16.19,31.85,SOLGBP,634.9314495574051
16.26,16.26,16.14,16.14,109.25,SOLGBP,2181.9452190165002
16.15,16.17,16.1,16.11,87.65,SOLGBP,1743.2552299307513
16.12,16.16,16.11,16.16,111.69,SOLGBP,2222.0709863260386
16.18,16.23,16.16,16.16,101.12,SOLGBP,2017.3909080436158
16.23,16.25,16.21,16.21,50.02,SOLGBP,1000.5430404558052
16.2,16.24,16.2,16.22,5.34,SOLGBP,106.74943685550899
16.21,16.21,16.17,16.19,48.99,SOLGBP,978.1281872748646
16.21,16.21,16.1,16.1,44.67,SOLGBP,889.6727679408765
16.1,16.1,16.0,16.01,52.86,SOLGBP,1046.1096780574335
16.06,16.07,16.05,16.05,62.2,SOLGBP,1231.3335079475848
15.78,15.78,15.78,15.78,1.6,SOLGBP,31.12679203872
15.76,15.76,15.76,15.76,8.12,SOLGBP,157.76825607356798
15.77,15.77,15.77,15.77,4.87,SOLGBP,94.68213386781099
15.76,15.76,15.61,15.7,148.51,SOLGBP,2875.8759507353593
15.69,15.73,15.69,15.71,57.4,SOLGBP,1111.36628005263
15.72,15.75,15.72,15.75,6.12,SOLGBP,118.720454891598
15.81,15.81,15.77,15.77,43.67,SOLGBP,850.105262260177
15.75,15.75,15.71,15.72,122.87,SOLGBP,2383.1478201798
15.7,15.77,15.67,15.77,61.41,SOLGBP,1190.7104738617147
15.73,15.73,15.25,15.46,293.39,SOLGBP,5621.776370649602
15.39,15.48,15.39,15.44,95.05,SOLGBP,1807.5265138664124
15.38,15.5,15.38,15.5,11.88,SOLGBP,226.13673592540803
15.51,15.53,15.5,15.53,34.95,SOLGBP,668.6153097812213
15.5,15.63,15.49,15.61,88.14,SOLGBP,1690.5197092019148
15.56,15.57,15.53,15.55,34.29,SOLGBP,657.4686931169754
15.57,15.63,15.57,15.6,18.43,SOLGBP,354.28149653987475
15.63,15.66,15.63,15.66,21.24,SOLGBP,409.67311347862193
15.69,15.7,15.58,15.64,76.13,SOLGBP,1469.085001423919
15.65,15.65,15.63,15.63,2.54,SOLGBP,48.975383785384
15.62,15.62,15.59,15.59,5.47,SOLGBP,105.23458238317149
15.58,15.59,15.48,15.48,60.42,SOLGBP,1156.9896283811986
15.54,15.54,15.27,15.5,19.17,SOLGBP,365.43421577147626
15.52,15.57,15.52,15.57,22.6,SOLGBP,433.11831426913
15.58,15.75,15.58,15.74,115.55,SOLGBP,2231.1995641005437
15.72,15.8,15.72,15.76,83.77,SOLGBP,1626.5838507234748
15.76,15.77,15.75,15.77,107.81,SOLGBP,2095.0361840861865
15.78,15.79,15.75,15.76,194.27,SOLGBP,3776.981138911631
15.71,15.8,15.7,15.7,62.93,SOLGBP,1220.1825455156766
15.67,15.68,15.67,15.68,103.04,SOLGBP,1991.2270443172804
15.66,15.71,15.65,15.71,52.77,SOLGBP,1020.2574459398423
15.74,15.74,15.74,15.74,4.09,SOLGBP,79.366169215774
15.72,15.72,15.69,15.7,48.22,SOLGBP,933.7737414615784
15.81,15.85,15.8,15.8,124.62,SOLGBP,2429.7653013874174
15.81,15.81,15.73,15.73,49.04,SOLGBP,953.4315903239119
15.76,15.76,15.72,15.72,11.24,SOLGBP,218.111428358264
15.73,15.74,15.65,15.68,75.25,SOLGBP,1456.51022989325
15.67,15.72,15.66,15.68,226.18,SOLGBP,4372.973832152236
15.7,15.71,15.65,15.67,25.24,SOLGBP,487.991243803707
15.65,15.66,15.64,15.64,11.66,SOLGBP,224.93181790421653
15.77,15.8,15.72,15.74,55.88,SOLGBP,1085.553159843999
15.73,15.74,15.69,15.69,83.32,SOLGBP,1613.9940693427948
15.65,15.67,15.65,15.67,17.67,SOLGBP,341.1423916340581
15.66,15.66,15.66,15.66,5.52,SOLGBP,106.57079806564799
15.71,15.71,15.68,15.68,39.53,SOLGBP,764.8838954141315
15.64,15.66,15.64,15.66,51.65,SOLGBP,996.5338386295249
15.7,15.74,15.64,15.66,187.93,SOLGBP,3634.0259096410746
15.63,15.63,15.63,15.63,41.74,SOLGBP,804.301364236818
15.69,15.69,15.69,15.69,12.26,SOLGBP,237.14872625526598
15.69,15.69,15.69,15.69,3.06,SOLGBP,59.190465117546005
15.67,15.67,15.58,15.6,36.09,SOLGBP,695.429713351863
15.54,15.63,15.53,15.63,43.65,SOLGBP,838.5496194778764
15.63,15.66,15.61,15.66,47.66,SOLGBP,918.9633036265359
15.67,15.68,15.67,15.68,3.82,SOLGBP,73.82072311036501
15.7,15.7,15.64,15.65,7.35,SOLGBP,142.01460172953372
15.65,15.65,15.65,15.65,2.46,SOLGBP,47.463179923110005
15.63,15.64,15.6,15.62,56.74,SOLGBP,1092.8165094810286
15.65,15.68,15.6,15.61,127.48,SOLGBP,2457.238566485122
31.15,31.16,31.09,31.1,175.324,SOLAUD,4256.028032881484
31.16,31.16,31.08,31.08,97.114,SOLAUD,2357.0846524899184
31.15,31.22,31.12,31.12,167.943,SOLAUD,4080.454699433159
31.04,31.27,31.04,31.24,124.416,SOLAUD,3022.408613901196
31.26,31.43,31.26,31.43,1456.207,SOLAUD,35599.60160410659
31.33,31.41,31.33,31.37,64.082,SOLAUD,1567.3495404027772
31.33,31.34,31.33,31.34,25.643,SOLAUD,626.6893013877751
31.3,31.3,31.12,31.12,438.487,SOLAUD,10673.43574899696
31.11,31.23,31.11,31.22,649.409,SOLAUD,15786.0698636661
31.16,31.23,31.13,31.2,432.293,SOLAUD,10512.549730619556
31.2,31.2,31.09,31.09,163.797,SOLAUD,3978.7626067584556
31.01,31.17,30.95,31.0,1788.001,SOLAUD,43275.118987182446
31.04,31.16,31.04,31.16,161.895,SOLAUD,3926.879496855735
31.12,31.12,31.05,31.05,23.748,SOLAUD,575.7469701832254
31.09,31.09,30.99,30.99,9.345,SOLAUD,226.232381652144
31.08,31.08,31.0,31.01,25.961,SOLAUD,628.5384586820908
31.01,31.06,30.79,30.79,82.989,SOLAUD,2000.8217975381763
30.78,30.87,30.78,30.81,222.061,SOLAUD,5336.023564314289
30.7,31.04,30.66,31.04,94.865,SOLAUD,2283.2616488377566
31.06,31.06,31.06,31.06,0.963,SOLAUD,23.3282138460714
30.99,30.99,30.93,30.98,13.415,SOLAUD,324.0564633020601
30.9,31.12,30.89,31.11,282.872,SOLAUD,6840.3046731505665
31.12,31.6,31.11,31.51,1819.702,SOLAUD,44471.698908627586
31.49,31.53,31.32,31.32,74.694,SOLAUD,1830.1072042138262
31.34,31.41,31.33,31.41,38.709,SOLAUD,947.1414195612195
31.4,31.44,31.38,31.44,44.306,SOLAUD,1085.5588104787234
31.4,31.4,31.12,31.12,505.959,SOLAUD,12335.536664858195
31.12,31.12,31.0,31.12,1456.951,SOLAUD,35328.02972817449
31.13,31.18,30.9,30.96,235.955,SOLAUD,5712.67639992037
30.84,31.0,30.84,30.98,123.091,SOLAUD,2967.900247564097
30.95,31.09,30.95,31.03,79.807,SOLAUD,1929.862959395512
31.02,31.03,30.9,31.01,123.395,SOLAUD,2982.4480513092612
30.9,30.9,30.74,30.74,269.074,SOLAUD,6467.8228832119075
30.95,30.97,30.8,30.81,151.185,SOLAUD,3641.4546323651552
30.79,31.03,30.79,30.84,97.335,SOLAUD,2342.9007176645305
30.88,30.97,30.67,30.88,80.424,SOLAUD,1935.0606751310518
30.89,30.89,30.85,30.85,3.433,SOLAUD,82.65405828878728
30.93,31.08,30.93,31.08,24.82,SOLAUD,600.1879365493829
31.38,31.38,31.29,31.34,105.73,SOLAUD,2584.96634108689
31.41,31.62,31.4,31.62,52.684,SOLAUD,1294.8377397921665
31.58,31.65,31.58,31.65,12.108,SOLAUD,298.5515619734046
31.46,31.55,31.46,31.49,203.345,SOLAUD,4994.130746380751
31.49,31.5,31.45,31.46,46.41,SOLAUD,1139.2815294239924
31.45,31.79,31.45,31.56,1463.137,SOLAUD,36017.215772959156
31.52,31.56,31.43,31.43,235.562,SOLAUD,5784.4581035536485
31.48,31.58,31.39,31.41,110.394,SOLAUD,2709.1119696412024
31.46,31.53,31.33,31.34,166.943,SOLAUD,4090.3363990825073
31.39,31.46,31.19,31.24,761.167,SOLAUD,18593.256220710216
31.22,31.32,31.0,31.0,828.619,SOLAUD,20121.368124213303
31.01,31.01,30.73,30.73,1450.664,SOLAUD,34926.67253523022
30.75,30.78,30.54,30.67,169.283,SOLAUD,4051.2889901875083
30.58,30.88,30.57,30.88,207.664,SOLAUD,4976.708363155762
30.85,30.85,30.61,30.61,173.979,SOLAUD,4169.779979090462
30.69,30.85,30.52,30.53,399.12,SOLAUD,9540.086091944226
30.5,30.52,30.25,30.29,206.841,SOLAUD,4902.539235864474
30.29,30.3,30.16,30.22,473.93,SOLAUD,11178.554259907805
30.22,30.37,30.08,30.3,592.94,SOLAUD,13985.63493104411
30.24,30.33,30.21,30.33,60.152,SOLAUD,1420.4430751275534
30.37,30.42,30.2,30.36,105.493,SOLAUD,2496.072419350474
30.44,30.44,30.35,30.35,15.847,SOLAUD,375.66692060401596
30.3,30.31,30.3,30.3,4.448,SOLAUD,105.12281638639759
30.19,30.19,29.82,30.01,758.303,SOLAUD,17773.670686190417
30.05,30.18,30.05,30.14,43.807,SOLAUD,1028.574832229743
30.19,30.2,30.14,30.16,239.668,SOLAUD,5639.9479628491
30.0,30.0,29.88,29.97,449.787,SOLAUD,10510.870741617005
30.01,30.01,30.01,30.01,19.951,SOLAUD,466.9650890158513
30.22,30.29,30.01,30.02,136.526,SOLAUD,3208.782728138196
30.03,30.04,29.9,29.9,44.083,SOLAUD,1030.3277699757157
29.9,29.98,29.82,29.82,282.996,SOLAUD,6594.997563514381
30.01,30.01,29.6,29.71,435.225,SOLAUD,10126.450228689258
29.67,29.73,29.64,29.68,38.605,SOLAUD,893.6371249181319
29.62,29.77,29.58,29.58,65.937,SOLAUD,1524.1387330209625
29.58,29.61,29.55,29.61,14.669,SOLAUD,338.5030052732186
29.63,29.63,29.52,29.63,54.564,SOLAUD,1259.7615223154703
29.67,29.74,29.62,29.62,73.586,SOLAUD,1702.3807375195267
29.58,29.71,29.57,29.69,62.635,SOLAUD,1447.8127537311068
29.72,29.82,29.65,29.68,71.814,SOLAUD,1664.4668037951733
29.6,29.83,29.6,29.83,34.896,SOLAUD,808.7329393054631
29.88,29.88,29.54,29.55,130.147,SOLAUD,3015.9706139928494
29.62,29.67,29.59,29.6,16.37,SOLAUD,378.17035639842203
29.56,29.63,27.8,29.58,2440.238,SOLAUD,55464.19833286291
29.57,29.67,29.53,29.61,83.02,SOLAUD,1916.261713604847
29.5,29.6,29.49,29.52,70.387,SOLAUD,1620.9621824533046
29.46,29.6,29.3,29.46,179.118,SOLAUD,4114.831043898975
29.48,29.48,29.4,29.47,30.937,SOLAUD,710.7679444116718
29.46,29.64,29.45,29.64,35.596,SOLAUD,820.3056232289302
29.58,29.58,29.41,29.41,5.011,SOLAUD,115.27272305472033
29.46,29.5,29.46,29.46,51.152,SOLAUD,1175.699961634587
29.47,29.48,29.44,29.46,21.868,SOLAUD,502.4957697398484
29.5,29.51,29.45,29.51,47.056,SOLAUD,1082.3814595815004
29.43,29.43,29.26,29.26,85.451,SOLAUD,1955.7125044525148
29.3,29.36,29.28,29.32,109.6,SOLAUD,2505.8449877661196
29.32,29.5,29.29,29.5,27.554,SOLAUD,631.8626171186955
29.53,29.58,29.53,29.58,21.237,SOLAUD,489.52838591991696
29.58,29.64,29.58,29.59,68.573,SOLAUD,1582.9307956781063
29.65,29.72,29.6,29.6,57.746,SOLAUD,1335.0283378439872
29.64,29.64,29.64,29.64,2.182,SOLAUD,50.4413492334024
29.64,29.64,29.64,29.64,1.15,SOLAUD,26.584579110179998
29.71,29.78,29.71,29.77,3.438,SOLAUD,79.75117527156046
29.84,29.86,29.78,29.82,64.249,SOLAUD,1494.5160179671977
29.85,29.85,29.78,29.78,10.907,SOLAUD,253.62606054791914
29.71,29.79,29.7,29.77,60.401,SOLAUD,1401.1200516514027
29.79,29.85,29.77,29.85,23.421,SOLAUD,544.6205156406724
29.81,29.81,29.8,29.8,16.289,SOLAUD,378.6494224312663
29.75,29.78,29.73,29.78,69.872,SOLAUD,1621.7721967028738
29.89,29.89,29.89,29.89,12.57,SOLAUD,293.031927621699
29.86,29.86,29.86,29.86,0.656,SOLAUD,15.2773276167008
29.89,29.89,29.89,29.89,1.844,SOLAUD,42.9873408539708
29.94,29.94,29.94,29.94,24.833,SOLAUD,579.8754650035326
29.79,29.82,29.79,29.82,13.958,SOLAUD,324.46366494539967
29.82,29.83,29.82,29.83,8.452,SOLAUD,196.60460682436698
29.81,29.81,29.76,29.76,15.572,SOLAUD,361.73934571209253
29.8,29.8,29.78,29.78,1.678,SOLAUD,38.9866760083206
29.76,29.76,29.75,29.75,11.827,SOLAUD,274.46584048831255
29.84,29.88,29.81,29.87,31.37,SOLAUD,730.319006735535
29.86,29.9,29.75,29.75,63.897,SOLAUD,1485.8296865160346
29.65,29.69,29.59,29.59,28.572,SOLAUD,660.2768066120268
29.56,29.59,29.53,29.53,126.155,SOLAUD,2907.7190595360767
29.51,29.51,29.48,29.48,21.365,SOLAUD,491.4790916112752
29.52,29.52,29.4,29.4,57.888,SOLAUD,1330.0716506341823
29.43,29.44,29.33,29.37,51.78,SOLAUD,1187.0043819943996
29.4,29.44,29.38,29.38,22.669,SOLAUD,519.796609198818
29.39,29.44,29.37,29.4,19.743,SOLAUD,452.7038888090459
29.51,29.51,29.4,29.4,28.14,SOLAUD,646.452872270331
29.38,29.41,29.38,29.4,27.242,SOLAUD,624.4954301717155
29.3,29.3,29.09,29.14,82.777,SOLAUD,1885.6358101239782
29.16,29.44,29.16,29.44,60.78,SOLAUD,1388.93545874202
29.38,29.48,29.37,29.41,88.155,SOLAUD,2022.0678471095864
29.42,29.42,29.41,29.42,39.485,SOLAUD,905.9237673274171
29.36,29.41,28.93,28.98,276.309,SOLAUD,6286.156796076903
29.04,29.05,28.98,28.98,19.912,SOLAUD,450.561196378447
28.91,28.96,28.81,28.96,179.557,SOLAUD,4048.593575453128
28.94,29.12,28.61,29.12,81.009,SOLAUD,1828.9342082110222
29.23,29.23,29.19,29.19,7.503,SOLAUD,170.93077143783688
29.2,29.22,28.59,28.69,775.222,SOLAUD,17488.5259557468
28.58,28.66,28.14,28.43,259.26,SOLAUD,5753.202996213844
28.44,28.44,28.36,28.36,62.756,SOLAUD,1390.040146820752
28.37,28.37,28.23,28.25,219.141,SOLAUD,4837.717985490813
28.27,28.31,27.99,28.12,145.067,SOLAUD,3187.482188992781
28.08,28.25,28.05,28.09,92.524,SOLAUD,2029.013109348269
28.13,28.27,28.13,28.2,125.831,SOLAUD,2765.800895796604
28.3,28.46,28.3,28.45,13.668,SOLAUD,302.5052050425321
28.43,28.43,28.22,28.22,14.233,SOLAUD,314.4272064046767
28.25,28.25,28.05,28.2,222.051,SOLAUD,4881.609571329788
28.21,28.4,28.21,28.29,1761.143,SOLAUD,38840.90864343684
28.27,28.38,28.22,28.22,88.469,SOLAUD,1950.7835299856904
28.3,28.3,28.14,28.14,81.957,SOLAUD,1803.8350091167601
28.12,28.17,27.65,27.79,2619.169,SOLAUD,57059.38396749214
27.81,28.06,26.79,27.91,1285.564,SOLAUD,27715.630947395428
27.93,27.95,27.29,27.4,476.613,SOLAUD,10275.35775171907
27.36,27.45,19.0,27.45,2598.923,SOLAUD,51312.72674144839
27.5,27.99,27.2,27.83,1924.548,SOLAUD,41472.80229828282
27.82,28.0,27.4,27.75,456.364,SOLAUD,9874.400136635328
27.83,27.83,27.51,27.59,131.559,SOLAUD,2841.1703165227473
27.62,27.83,27.62,27.77,102.286,SOLAUD,2210.5811909029476
27.56,27.65,27.39,27.5,330.52,SOLAUD,7095.431651802688
27.51,27.67,27.49,27.55,199.281,SOLAUD,4282.723716439742
27.64,27.64,27.5,27.5,46.358,SOLAUD,996.8164733322977
27.35,27.36,26.66,27.34,175.738,SOLAUD,3725.0227822126517
27.32,27.5,27.31,27.43,47.415,SOLAUD,1012.8882576121155
27.32,27.4,26.67,26.83,126.697,SOLAUD,2673.422624543231
26.76,26.79,26.04,26.08,307.602,SOLAUD,6337.742941115986
26.12,26.67,25.46,26.28,735.778,SOLAUD,14996.20975858742
26.22,27.2,25.84,27.2,647.361,SOLAUD,13437.75602233009
27.21,27.26,25.95,26.02,902.555,SOLAUD,18731.488942550084
26.19,27.53,26.05,26.78,1695.493,SOLAUD,35224.36827396344
26.89,26.89,26.52,26.59,154.805,SOLAUD,3226.3822424499403
26.63,26.64,26.55,26.6,917.7,SOLAUD,19042.22727147835
26.63,26.66,26.4,26.46,660.826,SOLAUD,13677.315915023933
26.49,26.54,26.04,26.04,734.432,SOLAUD,15051.83279606411
26.04,26.57,25.87,26.21,378.573,SOLAUD,7727.670472380814
26.05,27.75,25.78,25.82,854.427,SOLAUD,17559.386267708112
25.87,26.83,25.83,25.87,628.798,SOLAUD,12799.865562868315
26.46,27.5,25.61,25.74,264.652,SOLAUD,5434.2366987148625
25.74,25.77,25.49,25.51,102.168,SOLAUD,2042.0900221644847
25.68,25.7,25.53,25.53,80.799,SOLAUD,1613.8728424184458
25.5,25.83,25.5,25.83,127.575,SOLAUD,2553.645423538046
26.2,26.89,26.06,26.53,602.884,SOLAUD,12422.823666712307
26.53,26.75,26.53,26.63,163.175,SOLAUD,3386.5090860951527
27.18,27.18,26.95,27.1,29.773,SOLAUD,629.3405274291164
27.09,27.09,26.52,26.87,454.143,SOLAUD,9525.27561865916
26.72,26.87,26.02,26.02,445.201,SOLAUD,9169.320832776451
26.0,27.04,25.94,26.86,113.625,SOLAUD,2344.8630618110246
26.72,26.86,26.34,26.81,214.67,SOLAUD,4467.366916108983
26.91,26.91,26.38,26.4,167.847,SOLAUD,3488.7073959985064
26.36,26.44,26.31,26.43,104.599,SOLAUD,2152.4763099005972
26.4,26.42,26.15,26.25,374.858,SOLAUD,7690.575483065944
26.2,26.21,26.07,26.21,328.814,SOLAUD,6711.958429960471
26.07,26.7,26.07,26.47,544.291,SOLAUD,11176.209236961036
26.41,26.41,26.0,26.29,253.112,SOLAUD,5187.409457481944
26.27,26.51,26.23,26.51,617.16,SOLAUD,12697.736510449704
26.08,26.34,26.08,26.29,138.102,SOLAUD,2821.717725785371
26.17,26.27,26.11,26.11,67.173,SOLAUD,1370.7846513420432
26.16,26.18,25.79,25.79,972.204,SOLAUD,19699.277568417663
25.76,26.02,25.76,25.97,42.068,SOLAUD,849.039570941662
26.11,26.11,25.91,25.91,112.932,SOLAUD,2290.9263153999514
25.98,26.06,25.73,25.9,86.215,SOLAUD,1742.72832115325
25.71,26.09,25.71,26.09,42.699,SOLAUD,862.5240578161829
26.04,27.04,26.02,26.74,1199.954,SOLAUD,24763.281060263023
26.4,26.4,25.75,26.35,1103.704,SOLAUD,22574.69350395396
26.37,26.37,25.98,26.23,451.28,SOLAUD,9234.689285523169
26.42,26.51,26.37,26.51,35.616,SOLAUD,734.7940229575513
26.27,26.27,25.75,25.95,92.426,SOLAUD,1878.5480962361428
25.83,25.83,25.83,25.83,5.0,SOLAUD,100.72752426449998
26.11,27.04,26.11,26.92,526.697,SOLAUD,10904.288256120262
26.77,26.94,26.77,26.91,42.564,SOLAUD,891.2510095870438
26.98,27.11,26.88,26.95,63.572,SOLAUD,1337.708754589273
26.53,26.55,26.47,26.55,75.3,SOLAUD,1557.7728057144748
26.46,26.48,25.86,26.41,49.216,SOLAUD,1009.618017453259
26.55,26.58,26.37,26.51,89.045,SOLAUD,1840.560640778196
26.59,26.68,26.24,26.39,299.176,SOLAUD,6177.552847370896
26.51,26.67,26.25,26.43,209.226,SOLAUD,4318.583288323977
26.58,27.02,26.57,26.58,1050.738,SOLAUD,21870.367482481586
26.6,26.9,26.58,26.9,143.409,SOLAUD,2991.3880811942636
26.9,27.15,26.37,26.38,1334.776,SOLAUD,27795.430177846298
26.4,26.47,26.28,26.47,66.998,SOLAUD,1379.75431063972
26.47,26.5,26.03,26.15,84.937,SOLAUD,1741.4056630795992
26.17,26.35,25.77,25.77,1050.395,SOLAUD,21312.295310977883
25.87,26.26,25.86,25.99,168.683,SOLAUD,3419.911655116898
26.1,26.98,26.1,26.64,3898.4,SOLAUD,80435.52735254036
26.57,26.57,26.47,26.53,44.747,SOLAUD,926.0549663761062
26.77,26.9,26.27,26.27,198.503,SOLAUD,4110.7989928559155
26.33,26.35,26.12,26.26,44.956,SOLAUD,920.9134521535242
26.32,26.32,26.0,26.0,738.927,SOLAUD,15076.239383264421
26.12,26.19,26.01,26.19,23.32,SOLAUD,475.204070150579
26.14,26.14,25.9,25.9,382.248,SOLAUD,7757.222763959526
25.9,25.94,25.8,25.83,393.038,SOLAUD,7929.4442164791835
25.87,25.87,25.8,25.86,157.397,SOLAUD,3173.2971895675432
25.8,25.82,25.8,25.82,9.269,SOLAUD,186.5841016828607
25.95,26.17,25.93,26.02,114.769,SOLAUD,2328.8628338496933
25.82,25.9,25.8,25.9,205.173,SOLAUD,4137.314164345476
25.8,25.8,25.76,25.76,28.793,SOLAUD,578.9266998566702
25.82,25.82,25.77,25.79,14.289,SOLAUD,287.52478769460595
25.89,25.95,25.75,25.75,1461.799,SOLAUD,29454.379328303403
25.75,25.75,25.59,25.59,1498.616,SOLAUD,30003.366216386537
25.5,25.56,24.77,24.77,1291.626,SOLAUD,25335.443862019554
24.75,24.75,24.62,24.65,452.806,SOLAUD,8720.291137375187
24.65,24.65,24.5,24.5,152.121,SOLAUD,2915.657104030802
24.67,24.67,24.4,24.42,23.934,SOLAUD,458.0823876377869
24.43,24.44,24.12,24.12,18.03,SOLAUD,341.39207773964483
24.06,24.07,23.91,24.03,217.622,SOLAUD,4076.4708946514324
24.04,24.23,23.76,24.23,135.763,SOLAUD,2548.126834288025
24.23,26.06,24.23,25.73,684.359,SOLAUD,13377.104577540511
25.41,25.43,24.53,24.53,184.484,SOLAUD,3593.502510612777
24.45,26.16,24.34,25.96,425.458,SOLAUD,8371.141024156837
25.88,25.99,25.0,25.14,501.467,SOLAUD,9974.21818650677
25.14,25.15,24.68,24.73,100.122,SOLAUD,1946.3387651678354
20.88,20.89,20.88,20.89,9.23,SOLTUSD,192.6939389327225
20.92,20.92,20.84,20.87,32.33,SOLTUSD,675.0315028927313
20.93,20.94,20.85,20.85,68.2,SOLTUSD,1424.3170046470752
20.84,20.89,20.79,20.89,6.62,SOLTUSD,137.9901202439725
20.89,21.05,20.89,21.05,49.65,SOLTUSD,1040.757518828475
21.02,21.09,21.0,21.09,459.07,SOLTUSD,9659.683271934326
21.07,21.07,20.99,20.99,181.32,SOLTUSD,3811.6837165768193
20.95,20.95,20.85,20.85,36.96,SOLTUSD,772.1650178087999
20.84,20.89,20.84,20.89,2.38,SOLTUSD,49.639479600165004
20.88,20.89,20.75,20.86,136.22,SOLTUSD,2838.4068692414044
20.86,20.89,20.77,20.77,45.95,SOLTUSD,956.4235479306811
20.78,20.82,20.69,20.72,34.66,SOLTUSD,719.0032520373675
20.77,20.79,20.76,20.78,247.01,SOLTUSD,5129.646551544113
20.78,20.81,20.7,20.79,112.17,SOLTUSD,2328.8691621731555
20.78,20.79,20.67,20.74,23.04,SOLTUSD,477.77980372416
20.73,20.73,20.67,20.67,1.91,SOLTUSD,39.52169720415
20.71,20.71,20.5,20.5,52.92,SOLTUSD,1089.99455425497
20.48,20.58,20.48,20.49,281.82,SOLTUSD,5777.186724076267
20.53,20.72,20.46,20.72,275.92,SOLTUSD,5683.82062541713
20.72,20.72,20.67,20.67,62.63,SOLTUSD,1295.6261837156576
20.66,20.72,20.62,20.72,48.93,SOLTUSD,1011.4807547875799
20.65,20.79,20.6,20.79,72.11,SOLTUSD,1492.6398750408337
20.82,21.05,20.82,21.05,85.4,SOLTUSD,1787.1570130445502
21.0,21.05,20.95,21.0,30.09,SOLTUSD,631.6454269755
20.95,21.0,20.94,21.0,5.9,SOLTUSD,123.6898573038625
20.97,20.99,20.95,20.96,58.98,SOLTUSD,1236.1844995277925
20.94,20.94,20.74,20.74,31.89,SOLTUSD,664.3303713694199
20.74,20.74,20.67,20.73,19.24,SOLTUSD,398.49850143375994
20.73,20.77,20.57,20.57,60.54,SOLTUSD,1250.27229473538
20.55,20.62,20.5,20.6,217.36,SOLTUSD,4468.821472925811
20.62,20.69,20.62,20.69,6.38,SOLTUSD,131.72789497675498
20.63,20.66,20.62,20.66,11.73,SOLTUSD,242.04280605799872
20.6,20.62,20.5,20.5,16.56,SOLTUSD,340.25905174085995
20.52,20.63,20.44,20.6,1237.72,SOLTUSD,25422.208224389513
20.53,20.73,20.53,20.6,209.05,SOLTUSD,4304.240773550507
20.55,20.64,20.42,20.58,166.18,SOLTUSD,3413.261935436972
20.58,20.63,20.55,20.58,98.54,SOLTUSD,2027.660790014405
20.6,20.79,20.59,20.79,271.35,SOLTUSD,5612.736624132882
20.75,20.82,20.67,20.82,54.33,SOLTUSD,1127.7257947237274
20.82,20.99,20.82,20.99,453.17,SOLTUSD,9469.852124529107
20.99,21.13,20.99,21.05,206.05,SOLTUSD,4333.6140252314
21.1,21.1,20.99,21.05,41.27,SOLTUSD,868.80979696329
21.0,21.07,20.95,21.04,15.71,SOLTUSD,330.0178671261675
21.0,21.0,21.0,21.0,0.5,SOLTUSD,10.495935975
21.05,21.2,21.05,21.09,267.74,SOLTUSD,5646.458342088217
21.09,21.1,20.98,20.99,297.93,SOLTUSD,6266.020997511239
21.05,21.05,20.94,20.94,10.59,SOLTUSD,222.2509944447975
20.92,21.02,20.92,21.02,8.98,SOLTUSD,188.23771438226998
21.05,21.05,21.03,21.03,6.2,SOLTUSD,130.3975101016
21.0,21.0,20.95,20.95,19.48,SOLTUSD,408.43485407935
20.94,20.96,20.87,20.87,201.2,SOLTUSD,4205.4636450414
20.91,20.91,20.77,20.85,25.22,SOLTUSD,525.8855771751399
20.79,20.97,20.79,20.96,199.8,SOLTUSD,4169.709988852274
20.95,20.95,20.89,20.91,213.19,SOLTUSD,4459.274119659713
20.88,20.88,20.82,20.83,276.59,SOLTUSD,5765.360628139026
20.83,20.84,20.79,20.84,13.05,SOLTUSD,271.6610628729375
20.81,20.83,20.77,20.83,7.01,SOLTUSD,145.821637881395
20.75,20.75,20.58,20.58,50.12,SOLTUSD,1035.3289207809098
20.57,20.63,20.53,20.63,192.1,SOLTUSD,3953.8080860400496
20.58,20.69,20.5,20.63,50.42,SOLTUSD,1038.2499897433997
20.58,20.59,20.51,20.53,98.46,SOLTUSD,2022.8159159489924
20.57,20.6,20.55,20.6,50.04,SOLTUSD,1029.4246069304397
20.54,20.57,20.1,20.18,346.97,SOLTUSD,7057.239512808372
20.22,20.38,20.22,20.32,353.87,SOLTUSD,7175.4746071957015
20.31,20.45,20.31,20.38,76.12,SOLTUSD,1549.3935750158248
20.35,20.38,20.32,20.38,26.97,SOLTUSD,548.8292683809863
20.39,20.51,20.39,20.49,145.67,SOLTUSD,2977.070428729792
20.46,20.46,20.43,20.43,7.97,SOLTUSD,162.8835814991175
20.42,20.42,20.35,20.35,37.21,SOLTUSD,758.2322625697576
20.34,20.38,20.32,20.38,143.08,SOLTUSD,2911.26615813453
20.34,20.35,20.33,20.33,16.1,SOLTUSD,327.3070167670625
20.34,20.34,20.32,20.32,4.88,SOLTUSD,99.17200061467999
20.37,20.38,20.34,20.34,78.97,SOLTUSD,1607.009541121486
20.33,20.42,20.33,20.42,40.69,SOLTUSD,828.7378628108123
20.43,20.43,20.38,20.43,1.5,SOLTUSD,30.614396109937495
20.44,20.44,20.43,20.43,8.24,SOLTUSD,168.31922681798002
20.46,20.46,20.43,20.43,3.43,SOLTUSD,70.0992075962325
20.48,20.51,20.48,20.49,6.04,SOLTUSD,123.71169884681998
20.43,20.45,20.39,20.39,9.21,SOLTUSD,187.9493760268425
20.47,20.53,20.47,20.48,66.01,SOLTUSD,1351.8564363693813
20.49,20.49,20.42,20.42,19.43,SOLTUSD,397.28682059641744
20.38,20.39,20.32,20.38,41.66,SOLTUSD,848.1816341851473
20.38,20.58,20.2,20.46,435.68,SOLTUSD,8886.60950599268
20.38,20.43,20.38,20.38,1.5,SOLTUSD,30.576910624312497
20.42,20.5,20.42,20.5,12.32,SOLTUSD,251.96963739024
20.43,20.43,20.33,20.36,32.25,SOLTUSD,657.2423908345312
20.38,20.38,20.35,20.35,22.95,SOLTUSD,467.1958518289125
20.36,20.37,20.34,20.37,96.68,SOLTUSD,1967.6429289221603
20.36,20.36,20.36,20.36,38.38,SOLTUSD,781.11435262756
20.36,20.37,20.36,20.37,48.82,SOLTUSD,993.834487419935
20.35,20.35,20.17,20.22,160.53,SOLTUSD,3253.084830990304
20.23,20.28,20.23,20.25,218.17,SOLTUSD,4415.687321462121
20.26,20.26,20.23,20.23,38.07,SOLTUSD,770.4288400565925
20.28,20.29,20.27,20.27,20.58,SOLTUSD,417.1494297968024
20.26,20.26,20.23,20.23,143.53,SOLTUSD,2904.6401737148076
20.23,20.24,20.11,20.14,485.45,SOLTUSD,9792.589310733949
20.18,20.2,20.18,20.2,44.27,SOLTUSD,893.465350336335
20.19,20.19,20.15,20.19,104.4,SOLTUSD,2105.9765661563997
20.19,20.23,20.19,20.23,115.48,SOLTUSD,2332.9474830478603
20.25,20.25,20.2,20.21,109.06,SOLTUSD,2205.157313384392
20.2,20.24,20.2,20.24,39.75,SOLTUSD,803.4339104977499
20.23,20.23,20.23,20.23,21.76,SOLTUSD,440.03441873216
20.23,20.24,20.23,20.23,7.76,SOLTUSD,156.94343152438998
20.22,20.3,20.22,20.3,182.91,SOLTUSD,3704.3222869079696
20.23,20.23,20.23,20.23,0.5,SOLTUSD,10.11108498925
20.25,20.35,20.23,20.35,131.68,SOLTUSD,2671.41122993052
20.32,20.32,20.28,20.28,45.41,SOLTUSD,921.4662084078499
20.27,20.3,20.23,20.3,51.86,SOLTUSD,1051.0545318264249
20.3,20.32,20.28,20.28,7.5,SOLTUSD,152.153586151875
20.24,20.29,20.23,20.25,107.62,SOLTUSD,2178.7304458639474
20.26,20.26,20.26,20.26,9.44,SOLTUSD,191.18037498447998
20.23,20.3,20.22,20.25,1072.12,SOLTUSD,21702.026978068494
20.28,20.37,20.26,20.36,176.98,SOLTUSD,3594.399399035393
20.34,20.39,20.33,20.33,65.19,SOLTUSD,1325.9401211631487
20.28,20.31,20.23,20.23,24.79,SOLTUSD,502.11295693050624
20.26,20.26,20.25,20.25,10.59,SOLTUSD,214.41742760082752
20.24,20.28,20.24,20.28,2.36,SOLTUSD,47.79509374611999
20.26,20.26,20.26,20.26,2.24,SOLTUSD,45.364834742080006
20.26,20.26,20.26,20.26,2.51,SOLTUSD,50.83291750117
20.28,20.32,20.28,20.32,14.04,SOLTUSD,284.90168610539996
20.3,20.33,20.3,20.33,1.51,SOLTUSD,30.663776989667497
20.32,20.33,20.25,20.25,52.23,SOLTUSD,1059.2060005788187
20.23,20.23,20.12,20.18,274.11,SOLTUSD,5532.138856577654
20.16,20.16,20.0,20.12,377.16,SOLTUSD,7581.75194666442
20.13,20.13,20.11,20.11,11.39,SOLTUSD,229.07810099006
20.12,20.19,20.12,20.12,31.87,SOLTUSD,641.5337232285187
20.16,20.18,19.86,19.86,1179.31,SOLTUSD,23594.753764510966
19.97,19.99,19.9,19.92,131.1,SOLTUSD,2613.777445724025
19.96,19.97,19.84,19.94,130.87,SOLTUSD,2606.9025326894284
19.95,19.97,19.91,19.95,116.68,SOLTUSD,2326.28186397467
19.97,20.0,19.97,20.0,11.15,SOLTUSD,222.7465025841125
20.01,20.04,19.72,19.74,829.76,SOLTUSD,16487.170569769478
19.76,19.76,19.38,19.61,1252.45,SOLTUSD,24572.94773293776
19.67,19.67,19.66,19.66,41.52,SOLTUSD,816.17477723586
19.67,19.67,19.59,19.6,61.52,SOLTUSD,1207.32392433863
19.6,19.6,19.34,19.52,580.96,SOLTUSD,11333.046246015481
19.45,19.53,19.43,19.43,102.77,SOLTUSD,1999.13013707939
19.49,19.57,19.49,19.57,20.14,SOLTUSD,393.18195999789
19.58,19.61,19.56,19.57,91.18,SOLTUSD,1784.61339793198
19.55,19.58,19.55,19.58,28.8,SOLTUSD,563.2539081624
19.61,19.61,19.61,19.61,0.95,SOLTUSD,18.622289452025
19.63,19.78,19.63,19.72,159.74,SOLTUSD,3144.0632191437694
19.71,19.74,19.69,19.73,51.56,SOLTUSD,1016.240811694185
19.72,19.77,19.72,19.77,14.82,SOLTUSD,292.50764108065493
19.83,19.88,19.81,19.85,266.74,SOLTUSD,5290.739876230428
19.9,19.91,19.86,19.9,335.12,SOLTUSD,6663.794379711069
19.89,19.89,19.76,19.76,92.88,SOLTUSD,1840.6333070307
19.85,19.85,19.77,19.77,79.52,SOLTUSD,1574.6814835410398
19.76,20.03,19.74,19.88,364.13,SOLTUSD,7226.092882806183
19.83,19.83,19.67,19.71,287.22,SOLTUSD,5673.27051042024
19.64,19.7,19.61,19.7,16.51,SOLTUSD,324.5022277809813
19.72,19.72,19.68,19.68,55.55,SOLTUSD,1093.9114376382497
19.64,19.68,19.59,19.66,20.69,SOLTUSD,406.24602659305873
19.74,19.74,19.74,19.74,4.15,SOLTUSD,81.88929247695
19.67,19.73,19.67,19.73,33.34,SOLTUSD,656.5437863341001
19.68,19.68,19.64,19.68,6.03,SOLTUSD,118.56419196079501
19.74,19.74,19.73,19.73,15.04,SOLTUSD,296.69951798648
19.69,19.69,19.64,19.64,352.91,SOLTUSD,6937.289032618192
19.56,19.58,19.55,19.58,110.78,SOLTUSD,2166.8486464950674
19.55,19.61,19.49,19.49,439.63,SOLTUSD,8584.847998008046
19.63,19.85,19.63,19.85,203.01,SOLTUSD,4005.86632909533
19.85,19.85,19.85,19.85,2.51,SOLTUSD,49.804215814325
19.9,20.17,19.9,20.06,493.81,SOLTUSD,9876.079558321297
20.09,20.09,19.88,19.88,129.66,SOLTUSD,2590.2521547135448
19.97,19.97,19.97,19.97,54.22,SOLTUSD,1082.3543125555298
19.97,20.0,19.81,19.81,36.49,SOLTUSD,725.7787535640863
19.84,19.87,19.77,19.85,453.99,SOLTUSD,9000.271770978943
19.8,19.82,19.76,19.82,596.72,SOLTUSD,11810.482982575202
19.83,19.84,19.83,19.84,62.34,SOLTUSD,1236.0353072950052
19.8,19.86,19.8,19.86,35.31,SOLTUSD,699.926288635035
19.89,19.94,19.88,19.94,28.12,SOLTUSD,559.7227754165249
19.96,19.96,19.91,19.91,38.58,SOLTUSD,768.7946228252848
19.92,19.92,19.83,19.83,1.66,SOLTUSD,32.979730252875
19.88,19.94,19.88,19.94,33.65,SOLTUSD,669.712187530925
19.97,20.07,19.95,19.99,45.71,SOLTUSD,913.6176973502774
20.03,20.09,20.03,20.09,119.91,SOLTUSD,2404.46359202007
20.1,20.18,20.0,20.0,289.94,SOLTUSD,5816.84351897061
20.02,20.02,19.98,20.0,90.96,SOLTUSD,1818.9505026096597
19.93,20.04,19.9,20.04,297.56,SOLTUSD,5942.2040793784545
20.06,20.1,20.0,20.1,40.2,SOLTUSD,806.3008004383499
20.09,20.11,20.09,20.09,24.84,SOLTUSD,498.96660019941004
20.06,20.06,20.06,20.06,1.36,SOLTUSD,27.27104065672
20.03,20.08,20.03,20.05,106.26,SOLTUSD,2129.4228377631825
20.03,20.05,19.93,19.94,88.96,SOLTUSD,1777.3997910396
19.93,19.93,19.77,19.86,279.57,SOLTUSD,5553.604470094982
19.83,19.93,19.83,19.9,39.89,SOLTUSD,792.4072050366237
19.83,19.83,19.49,19.53,318.41,SOLTUSD,6260.700557584865
19.5,19.58,19.47,19.58,150.76,SOLTUSD,2943.5799462401146
19.58,19.58,19.53,19.54,227.08,SOLTUSD,4439.398165626444
19.47,19.5,19.39,19.41,992.65,SOLTUSD,19292.12771573924
19.43,19.47,19.43,19.43,109.98,SOLTUSD,2137.18368276504
19.44,19.48,19.44,19.48,13.66,SOLTUSD,265.72071297561996
19.51,19.57,19.51,19.52,48.86,SOLTUSD,953.7443603117674
19.46,19.46,19.46,19.46,0.6,SOLTUSD,11.6714808042
19.46,19.47,19.33,19.41,94.23,SOLTUSD,1829.0028353477737
19.41,19.48,19.41,19.48,32.21,SOLTUSD,626.0810315086775
19.41,19.41,18.74,19.1,1706.57,SOLTUSD,32693.755032441943
19.05,19.12,18.83,18.98,659.73,SOLTUSD,12526.721005308982
18.94,19.2,18.94,19.1,5954.9,SOLTUSD,113367.17474516296
19.2,19.2,19.06,19.06,1389.98,SOLTUSD,26580.025617650328
19.06,19.28,19.06,19.28,36.99,SOLTUSD,708.823843502985
19.18,19.2,19.18,19.2,26.3,SOLTUSD,504.5016570261499
19.26,19.26,19.26,19.26,0.52,SOLTUSD,10.011323616840002
19.17,19.36,19.17,19.32,104.26,SOLTUSD,2006.7492869455853
19.3,19.3,19.24,19.25,62.26,SOLTUSD,1199.4414264407576
19.28,19.28,19.25,19.25,12.45,SOLTUSD,239.75641634778748
19.22,19.24,19.21,19.22,265.71,SOLTUSD,5105.633574365649
19.24,19.24,19.05,19.05,91.49,SOLTUSD,1750.8981024898474
19.1,19.14,18.82,19.11,4967.36,SOLTUSD,94554.34137171875
19.1,19.12,19.1,19.12,2.91,SOLTUSD,55.588576110795
19.2,19.4,19.18,19.4,258.91,SOLTUSD,4993.734876526428
19.37,19.46,19.37,19.37,617.62,SOLTUSD,11972.560076346259
19.39,19.41,19.39,19.41,40.71,SOLTUSD,789.4683179732999
19.38,19.38,19.38,19.38,3.15,SOLTUSD,61.02337175864999
19.33,19.34,19.3,19.3,21.51,SOLTUSD,415.3585982065537
19.32,19.39,19.31,19.38,266.28,SOLTUSD,5150.523717908099
19.39,19.4,19.39,19.4,44.56,SOLTUSD,863.90669544354
19.4,19.4,19.35,19.35,31.17,SOLTUSD,603.6850032478125
19.49,19.56,19.49,19.49,267.71,SOLTUSD,5220.331513339082
19.47,19.47,19.4,19.4,5.68,SOLTUSD,110.34807324085997
19.34,19.34,19.34,19.34,0.42,SOLTUSD,8.11965607026
19.35,19.35,19.2,19.2,25.55,SOLTUSD,492.2856370674375
19.27,19.27,19.23,19.23,6.49,SOLTUSD,124.884144875875
19.23,19.26,19.23,19.26,167.14,SOLTUSD,3215.3643113704347
19.27,19.27,19.27,19.27,4.0,SOLTUSD,77.050166186
19.33,19.4,19.33,19.4,4.79,SOLTUSD,92.72244788063249
19.3,19.32,19.27,19.27,159.68,SOLTUSD,3079.0349980622395
19.22,19.22,19.22,19.22,60.7,SOLTUSD,1166.2024465693
19.24,19.24,19.24,19.24,7.53,SOLTUSD,144.82112527974
19.31,19.31,19.26,19.26,56.18,SOLTUSD,1083.011957915335
19.24,19.24,19.24,19.24,1.3,SOLTUSD,25.002319105399998
19.24,19.24,19.19,19.19,59.8,SOLTUSD,1148.61225748815
19.24,19.29,19.24,19.27,85.83,SOLTUSD,1652.4459731411098
19.32,19.32,19.32,19.32,14.83,SOLTUSD,286.40470413701996
19.26,19.26,19.15,19.15,40.3,SOLTUSD,773.6619382014248
19.14,19.2,19.11,19.2,15.08,SOLTUSD,288.858653967975
19.25,19.32,19.21,19.3,2140.14,SOLTUSD,41224.535665326504
19.31,19.35,19.31,19.35,9.72,SOLTUSD,187.81487810442
19.31,19.31,19.28,19.28,119.03,SOLTUSD,2295.7949185158577
19.28,19.3,19.27,19.27,54.29,SOLTUSD,1046.3060704300399
19.32,19.38,19.23,19.23,132.53,SOLTUSD,2555.514205242915
