open,high,low,close,volume,name,avg
0.719,0.719,0.719,0.719,42.63,XNOBUSD,30.645920865711904
0.721,0.768,0.719,0.731,40420.11,XNOBUSD,29693.78355963176
0.729,0.739,0.729,0.735,4760.27,XNOBUSD,3488.703121249886
0.732,0.747,0.732,0.74,2104.44,XNOBUSD,1552.294858338015
0.746,0.746,0.737,0.737,2703.95,XNOBUSD,2004.6486448216847
0.734,0.734,0.73,0.73,963.1,XNOBUSD,704.873067129084
0.732,0.733,0.73,0.731,397.51,XNOBUSD,290.7306650469875
0.727,0.727,0.727,0.727,161.41,XNOBUSD,117.3257397466189
0.727,0.727,0.726,0.726,109.39,XNOBUSD,79.45874360462045
0.725,0.725,0.724,0.724,203.48,XNOBUSD,147.3969752958402
0.725,0.725,0.723,0.723,257.39,XNOBUSD,186.31966250519721
0.724,0.725,0.724,0.725,2165.77,XNOBUSD,1568.8418870968737
0.725,0.729,0.724,0.729,447.92,XNOBUSD,325.47223612508225
0.728,0.729,0.725,0.725,208.51,XNOBUSD,151.50968019834096
0.725,0.725,0.72,0.72,1458.92,XNOBUSD,1053.896063098319
0.722,0.722,0.722,0.722,59.37,XNOBUSD,42.8580788254878
0.723,0.727,0.723,0.725,3537.71,XNOBUSD,2562.648680331467
0.728,0.728,0.728,0.728,274.72,XNOBUSD,199.96321463256322
0.727,0.73,0.726,0.726,2638.08,XNOBUSD,1918.2276382995935
0.73,0.735,0.73,0.734,1426.16,XNOBUSD,1044.1336315286283
0.736,0.736,0.736,0.736,13.59,XNOBUSD,10.000592331004801
0.734,0.734,0.734,0.734,79.22,XNOBUSD,58.1379013656196
0.735,0.735,0.735,0.735,57.73,XNOBUSD,42.424560250768494
0.732,0.732,0.731,0.731,1469.43,XNOBUSD,1074.7109786923472
0.723,0.723,0.723,0.723,15.0,XNOBUSD,10.84321350315
0.726,0.731,0.726,0.727,985.53,XNOBUSD,716.8549680253552
0.724,0.724,0.721,0.721,1526.49,XNOBUSD,1102.7073460909119
0.724,0.724,0.724,0.724,116.52,XNOBUSD,84.3465832981296
0.724,0.726,0.723,0.723,649.87,XNOBUSD,470.4283735663876
0.722,0.723,0.722,0.722,1532.98,XNOBUSD,1107.0124167997724
0.725,0.726,0.725,0.725,898.32,XNOBUSD,651.3992573210768
0.725,0.731,0.725,0.731,849.53,XNOBUSD,618.3559614400167
0.729,0.732,0.728,0.732,87.5,XNOBUSD,63.88634926778126
0.733,0.736,0.732,0.732,4774.45,XNOBUSD,3500.288764932362
0.737,0.74,0.737,0.74,243.97,XNOBUSD,180.14216529197316
0.742,0.745,0.742,0.744,4124.33,XNOBUSD,3064.9033077952713
0.74,0.74,0.74,0.74,391.88,XNOBUSD,289.943429749624
0.743,0.743,0.743,0.743,40.38,XNOBUSD,29.9973977145318
0.743,0.744,0.743,0.744,1306.0,XNOBUSD,970.8510453579702
0.741,0.741,0.737,0.74,1743.31,XNOBUSD,1289.4011344562018
0.74,0.74,0.74,0.74,68.58,XNOBUSD,50.740840084283995
0.739,0.739,0.739,0.739,14.0,XNOBUSD,10.34429570342
0.735,0.735,0.735,0.735,22.95,XNOBUSD,16.8654712931775
0.738,0.739,0.738,0.739,352.42,XNOBUSD,260.21929701273586
0.738,0.738,0.738,0.738,101.51,XNOBUSD,74.90203935418262
0.742,0.762,0.742,0.749,12208.51,XNOBUSD,9139.616045495592
0.749,0.749,0.748,0.749,2281.86,XNOBUSD,1708.2612267651475
0.745,0.745,0.741,0.742,1003.13,XNOBUSD,745.453553704158
0.74,0.74,0.739,0.739,234.06,XNOBUSD,173.0588573175399
0.741,0.741,0.737,0.737,577.16,XNOBUSD,426.4509791561348
0.735,0.735,0.734,0.734,7475.05,XNOBUSD,5489.5197874174155
0.734,0.735,0.728,0.728,4830.88,XNOBUSD,3531.99907793187
0.725,0.727,0.723,0.725,1223.6,XNOBUSD,886.9638663697
0.728,0.73,0.728,0.73,943.22,XNOBUSD,687.4941104362927
0.727,0.732,0.727,0.732,5814.69,XNOBUSD,4241.117600591841
0.732,0.734,0.732,0.734,150.24,XNOBUSD,110.10777895719842
0.735,0.736,0.735,0.736,455.37,XNOBUSD,334.8694628648765
0.735,0.735,0.735,0.735,32.86,XNOBUSD,24.148121424567
0.735,0.735,0.735,0.735,43.47,XNOBUSD,31.945186802371502
0.736,0.737,0.736,0.737,232.11,XNOBUSD,170.92085456875907
0.74,0.741,0.74,0.741,689.09,XNOBUSD,510.1870880342842
0.739,0.741,0.739,0.741,233.56,XNOBUSD,172.805928989288
0.739,0.739,0.736,0.736,171.83,XNOBUSD,126.70374965252377
0.736,0.736,0.733,0.733,603.67,XNOBUSD,443.3225744403411
0.735,0.735,0.735,0.735,40.89,XNOBUSD,30.049199179870502
0.733,0.735,0.73,0.735,1442.42,XNOBUSD,1057.4802375799807
0.735,0.735,0.735,0.735,34.12,XNOBUSD,25.074068868114
0.736,0.736,0.736,0.736,92.33,XNOBUSD,67.9436857926176
0.735,0.735,0.733,0.733,475.82,XNOBUSD,349.1943477378076
0.733,0.733,0.733,0.733,111.66,XNOBUSD,81.8332973799306
0.73,0.73,0.728,0.728,185.0,XNOBUSD,134.84278368854999
0.731,0.731,0.731,0.731,13.68,XNOBUSD,9.9984326868216
0.731,0.731,0.727,0.727,128.02,XNOBUSD,93.31120631247661
0.726,0.726,0.726,0.726,70.39,XNOBUSD,51.0947217797478
0.728,0.73,0.728,0.73,123.89,XNOBUSD,90.30093227661871
0.728,0.728,0.728,0.728,628.44,XNOBUSD,457.42895531336643
0.728,0.728,0.728,0.728,424.56,XNOBUSD,309.0287653043136
0.728,0.729,0.728,0.728,120.49,XNOBUSD,87.73238796263495
0.728,0.728,0.728,0.728,683.28,XNOBUSD,497.3458987119168
0.729,0.729,0.729,0.729,13.72,XNOBUSD,10.0002323903076
0.73,0.74,0.73,0.736,3884.88,XNOBUSD,2851.0321920887186
0.735,0.74,0.735,0.736,2775.63,XNOBUSD,2043.9147454512288
0.737,0.739,0.737,0.739,213.86,XNOBUSD,157.80268088154364
0.739,0.74,0.735,0.735,97.55,XNOBUSD,71.90689032637162
0.736,0.736,0.736,0.736,246.71,XNOBUSD,181.5486485638112
0.736,0.74,0.736,0.738,300.76,XNOBUSD,221.77396115633496
0.735,0.735,0.734,0.735,179.11,XNOBUSD,131.57939385532706
0.733,0.733,0.733,0.733,500.0,XNOBUSD,366.439626455
0.731,0.732,0.731,0.731,517.29,XNOBUSD,378.20600036088183
0.732,0.732,0.732,0.732,151.24,XNOBUSD,110.68944312387362
0.731,0.732,0.731,0.731,826.74,XNOBUSD,604.4540368813538
0.731,0.732,0.731,0.732,1423.52,XNOBUSD,1041.1333458471179
0.734,0.734,0.734,0.734,221.14,XNOBUSD,162.29002156012518
0.733,0.734,0.732,0.734,2386.3,XNOBUSD,1749.4662379453332
0.734,0.734,0.734,0.734,27.37,XNOBUSD,20.086270643486603
0.731,0.731,0.731,0.731,261.22,XNOBUSD,190.92036450669144
0.73,0.73,0.73,0.73,147.54,XNOBUSD,107.686457887134
0.732,0.733,0.732,0.732,572.64,XNOBUSD,419.24656613462287
0.732,0.734,0.732,0.734,802.55,XNOBUSD,588.1722444229205
0.73,0.73,0.73,0.73,13.7,XNOBUSD,9.99935253527
0.729,0.729,0.728,0.728,303.03,XNOBUSD,220.72098964091083
0.729,0.729,0.729,0.729,409.0,XNOBUSD,298.11188393847004
0.729,0.73,0.729,0.73,114.32,XNOBUSD,83.3827021044388
0.728,0.728,0.724,0.724,544.22,XNOBUSD,395.0386345642044
0.724,0.724,0.719,0.719,270.0,XNOBUSD,194.77290977234998
0.721,0.721,0.721,0.721,120.25,XNOBUSD,86.6859678678175
0.721,0.721,0.721,0.721,131.67,XNOBUSD,94.9184315106489
0.721,0.721,0.717,0.717,627.4,XNOBUSD,451.02629019816203
0.715,0.717,0.713,0.717,907.06,XNOBUSD,648.8945199944361
0.719,0.719,0.719,0.719,117.27,XNOBUSD,84.3032404391751
0.715,0.715,0.715,0.715,532.3,XNOBUSD,380.53180466801496
0.712,0.712,0.71,0.71,432.79,XNOBUSD,307.6630003238463
0.709,0.71,0.708,0.71,4482.95,XNOBUSD,3179.00852314628
0.71,0.712,0.71,0.712,321.53,XNOBUSD,228.57017143216405
0.714,0.714,0.714,0.714,25.0,XNOBUSD,17.847059569499997
0.714,0.714,0.714,0.714,326.73,XNOBUSD,233.24679092570943
0.714,0.715,0.713,0.715,994.12,XNOBUSD,709.9332434289067
0.715,0.715,0.715,0.715,293.71,XNOBUSD,209.9680562634655
0.716,0.716,0.716,0.716,21.38,XNOBUSD,15.3055582999816
0.713,0.713,0.71,0.71,7382.06,XNOBUSD,5251.4704727417875
0.708,0.713,0.708,0.713,2495.26,XNOBUSD,1772.5901831102522
0.71,0.712,0.69,0.711,18605.24,XNOBUSD,13128.485118333547
0.71,0.713,0.71,0.713,1305.06,XNOBUSD,928.3972299272014
0.711,0.711,0.71,0.71,2160.97,XNOBUSD,1535.1162636341546
0.71,0.712,0.708,0.712,3032.54,XNOBUSD,2154.2647395017607
0.712,0.712,0.71,0.71,1734.36,XNOBUSD,1232.926826501689
0.71,0.71,0.71,0.71,822.49,XNOBUSD,583.871702967833
0.715,0.715,0.714,0.714,62.19,XNOBUSD,44.42743526280886
0.715,0.715,0.715,0.715,119.22,XNOBUSD,85.228258035921
0.717,0.717,0.717,0.717,13.95,XNOBUSD,10.0005023458305
0.72,0.72,0.72,0.72,59.67,XNOBUSD,42.955322803848006
0.721,0.721,0.718,0.718,2076.09,XNOBUSD,1493.500690097049
0.716,0.716,0.715,0.715,244.73,XNOBUSD,175.07547006619004
0.718,0.718,0.716,0.716,451.97,XNOBUSD,324.0091071860224
0.716,0.719,0.716,0.719,1461.95,XNOBUSD,1048.7763316106386
0.716,0.716,0.714,0.714,1397.23,XNOBUSD,998.8548815260016
0.714,0.714,0.714,0.714,133.34,XNOBUSD,95.1890769198852
0.717,0.717,0.715,0.715,1999.97,XNOBUSD,1431.7426301784003
0.715,0.715,0.715,0.715,41.01,XNOBUSD,29.317319762230497
0.716,0.716,0.713,0.715,271.44,XNOBUSD,194.047629267492
0.71,0.71,0.71,0.71,28.18,XNOBUSD,20.004504115106002
0.708,0.711,0.708,0.71,170.21,XNOBUSD,120.70155605677698
0.708,0.711,0.708,0.71,594.57,XNOBUSD,421.62930606120614
0.71,0.71,0.71,0.71,140.84,XNOBUSD,99.979927593028
0.71,0.711,0.71,0.71,1071.04,XNOBUSD,760.5808488742632
0.71,0.71,0.71,0.71,182.81,XNOBUSD,129.773718853177
0.71,0.711,0.707,0.711,310.43,XNOBUSD,220.29139791921443
0.71,0.71,0.71,0.71,385.68,XNOBUSD,273.787691522856
0.71,0.711,0.71,0.711,1781.69,XNOBUSD,1265.682214817576
0.709,0.709,0.704,0.704,357.84,XNOBUSD,252.77231395636917
0.704,0.704,0.704,0.704,16.77,XNOBUSD,11.8041351844416
0.706,0.706,0.702,0.702,766.23,XNOBUSD,539.3370603681984
0.7,0.7,0.695,0.695,831.63,XNOBUSD,579.9663713990947
0.695,0.696,0.695,0.696,956.67,XNOBUSD,665.2543795907509
0.699,0.699,0.699,0.699,25.99,XNOBUSD,18.164017348442698
0.699,0.703,0.699,0.703,84.1,XNOBUSD,58.94438849110699
0.7,0.7,0.699,0.699,243.14,XNOBUSD,170.04841330968605
0.699,0.702,0.697,0.7,565.22,XNOBUSD,395.30626047092534
0.698,0.698,0.687,0.687,1439.61,XNOBUSD,996.765700733455
0.687,0.69,0.686,0.69,801.79,XNOBUSD,551.7410642199937
0.69,0.69,0.69,0.69,447.18,XNOBUSD,308.503371866634
0.689,0.693,0.688,0.693,415.99,XNOBUSD,287.2977581429125
0.693,0.693,0.688,0.688,152.43,XNOBUSD,105.23557668731205
0.692,0.695,0.691,0.691,901.1,XNOBUSD,623.6837186539733
0.69,0.695,0.69,0.695,415.25,XNOBUSD,287.5132551382437
0.697,0.7,0.697,0.7,272.05,XNOBUSD,189.99562186464473
0.7,0.8,0.7,0.718,40490.07,XNOBUSD,29532.640351625916
0.716,0.739,0.716,0.72,2363.3,XNOBUSD,1707.7937037928955
0.72,0.723,0.718,0.718,1046.47,XNOBUSD,753.0727083940188
0.717,0.721,0.715,0.721,578.12,XNOBUSD,415.31079458108945
0.723,0.725,0.723,0.725,438.25,XNOBUSD,317.24073232411
0.73,0.73,0.726,0.73,261.15,XNOBUSD,190.3469889744045
0.73,0.735,0.73,0.731,1135.16,XNOBUSD,830.2327532256759
0.73,0.745,0.728,0.73,8863.15,XNOBUSD,6497.834172922592
0.737,0.741,0.733,0.741,4979.66,XNOBUSD,3674.3836990488517
0.737,0.755,0.633,0.724,57961.97,XNOBUSD,41276.61251585469
0.721,0.721,0.716,0.717,2159.36,XNOBUSD,1551.7843324508003
0.717,0.717,0.71,0.71,1769.8,XNOBUSD,1262.5442868136213
0.711,0.714,0.711,0.714,68.86,XNOBUSD,49.054667893192494
0.711,0.713,0.709,0.709,629.17,XNOBUSD,446.95164652480196
0.711,0.712,0.71,0.712,297.91,XNOBUSD,211.85358310945412
0.713,0.715,0.706,0.706,15683.75,XNOBUSD,11133.628155262375
0.706,0.708,0.701,0.707,18308.47,XNOBUSD,12914.497829267384
0.706,0.706,0.704,0.704,1670.98,XNOBUSD,1177.8468413225428
0.706,0.706,0.706,0.706,29.63,XNOBUSD,20.9153340493706
0.703,0.703,0.703,0.703,126.53,XNOBUSD,88.9359371693093
0.703,0.706,0.703,0.706,349.76,XNOBUSD,246.36532955279836
0.705,0.715,0.705,0.707,7948.91,XNOBUSD,5626.901207847435
0.707,0.707,0.706,0.706,656.88,XNOBUSD,464.0092711593444
0.705,0.705,0.705,0.705,14.19,XNOBUSD,10.0023020493165
0.702,0.702,0.702,0.702,14708.11,XNOBUSD,10323.39236739387
0.702,0.705,0.702,0.704,353.77,XNOBUSD,248.74776952880066
0.705,0.705,0.703,0.703,129.83,XNOBUSD,91.38526362528641
0.704,0.704,0.704,0.704,81.88,XNOBUSD,57.6340243829504
0.704,0.704,0.702,0.702,504.7,XNOBUSD,354.74565312060696
0.701,0.701,0.699,0.699,392.48,XNOBUSD,274.69074273872
0.7,0.7,0.699,0.699,3059.07,XNOBUSD,2139.46697253953
0.702,0.702,0.702,0.702,22.0,XNOBUSD,15.44145590988
0.702,0.707,0.701,0.707,855.65,XNOBUSD,602.4922476001458
0.706,0.706,0.705,0.706,2563.78,XNOBUSD,1809.0896745584137
0.706,0.711,0.706,0.711,6032.93,XNOBUSD,4273.626794470019
0.708,0.708,0.708,0.708,181.0,XNOBUSD,128.12689017996001
0.718,0.718,0.716,0.718,805.31,XNOUSDT,577.7151526161015
0.719,0.72,0.717,0.72,2764.78,XNOUSDT,1987.550768443984
0.72,0.722,0.719,0.722,2464.61,XNOUSDT,1776.076297676817
0.721,0.769,0.72,0.731,313643.44,XNOUSDT,230568.51520823454
0.731,0.74,0.727,0.732,42737.51,XNOUSDT,31300.091391819176
0.734,0.747,0.732,0.738,26941.63,XNOUSDT,19872.92744022092
0.742,0.744,0.736,0.736,21790.85,XNOUSDT,16111.690502007028
0.736,0.736,0.729,0.731,12678.31,XNOUSDT,9291.676959134255
0.73,0.734,0.727,0.731,20962.81,XNOUSDT,15310.821012169725
0.732,0.732,0.728,0.73,10198.93,XNOUSDT,7449.096363781773
0.73,0.73,0.726,0.727,5344.11,XNOUSDT,3891.2097665734073
0.727,0.728,0.722,0.724,10092.03,XNOUSDT,7318.044254974874
0.724,0.725,0.722,0.724,12011.26,XNOUSDT,8691.72357463131
0.724,0.727,0.724,0.726,10849.08,XNOUSDT,7867.004712209814
0.726,0.728,0.723,0.727,5870.33,XNOUSDT,4261.160549791688
0.727,0.729,0.723,0.726,11422.2,XNOUSDT,8294.012142961545
0.725,0.725,0.721,0.721,5376.2,XNOUSDT,3886.3550554737476
0.721,0.722,0.72,0.722,3528.06,XNOUSDT,2544.1959075306345
0.722,0.728,0.721,0.726,18095.89,XNOUSDT,13103.7986948545
0.726,0.728,0.725,0.728,5059.01,XNOUSDT,3676.03247574242
0.727,0.729,0.726,0.728,7626.36,XNOUSDT,5547.266888024862
0.728,0.737,0.728,0.735,18110.89,XNOUSDT,13254.997038733847
0.735,0.738,0.734,0.738,2095.59,XNOUSDT,1542.6250746278872
0.738,0.738,0.735,0.737,4546.46,XNOUSDT,3350.1914314578994
0.736,0.737,0.735,0.737,1872.39,XNOUSDT,1378.321028198507
0.736,0.737,0.734,0.735,1843.43,XNOUSDT,1355.6203796696846
0.735,0.736,0.732,0.736,4320.97,XNOUSDT,3174.311971439316
0.735,0.735,0.731,0.732,3317.84,XNOUSDT,2432.4071511303564
0.734,0.737,0.725,0.727,19982.93,XNOUSDT,14600.130991169488
0.726,0.726,0.722,0.722,11605.42,XNOUSDT,8400.945930804399
0.723,0.732,0.722,0.728,27050.38,XNOUSDT,19642.116246583333
0.728,0.728,0.725,0.726,2766.01,XNOUSDT,2009.8680548621749
0.726,0.727,0.719,0.719,5245.7,XNOUSDT,3790.707821106706
0.72,0.726,0.72,0.724,6571.04,XNOUSDT,4746.797702518871
0.724,0.725,0.722,0.724,2969.31,XNOUSDT,2148.685627268787
0.724,0.725,0.721,0.721,1105.86,XNOUSDT,799.1292203231335
0.724,0.728,0.721,0.723,7079.81,XNOUSDT,5124.941709164191
0.724,0.728,0.723,0.728,1560.76,XNOUSDT,1132.5357810080884
0.729,0.734,0.728,0.733,3183.12,XNOUSDT,2326.4790683047054
0.734,0.737,0.733,0.734,21963.17,XNOUSDT,16129.302402829173
0.733,0.741,0.733,0.741,11834.86,XNOUSDT,8720.861189695683
0.74,0.747,0.74,0.742,35621.53,XNOUSDT,26435.743940473018
0.74,0.743,0.739,0.741,2784.24,XNOUSDT,2062.087500923564
0.743,0.745,0.74,0.743,2057.34,XNOUSDT,1527.8386477954743
0.744,0.746,0.741,0.741,10932.37,XNOUSDT,8121.418616395742
0.741,0.742,0.738,0.741,6697.79,XNOUSDT,4958.9000027925495
0.74,0.742,0.738,0.739,1279.08,XNOUSDT,946.0442343694912
0.738,0.74,0.735,0.737,1716.39,XNOUSDT,1265.6300023127476
0.738,0.741,0.738,0.741,1764.31,XNOUSDT,1304.4932469176752
0.739,0.74,0.738,0.74,791.79,XNOUSDT,585.2347515491547
0.737,0.74,0.737,0.738,947.78,XNOUSDT,699.3469143018071
0.736,0.736,0.735,0.736,387.93,XNOUSDT,285.37268299402
0.735,0.74,0.733,0.739,2725.28,XNOUSDT,2007.5207124364395
0.738,0.741,0.738,0.739,1089.24,XNOUSDT,804.8163323699928
0.74,0.741,0.739,0.74,1333.49,XNOUSDT,986.6207479179479
0.74,0.767,0.739,0.748,82393.41,XNOUSDT,61661.35203091951
0.751,0.751,0.747,0.748,8840.14,XNOUSDT,6622.388512647721
0.748,0.748,0.739,0.739,19001.06,XNOUSDT,14124.970952204198
0.74,0.74,0.739,0.74,2901.35,XNOUSDT,2145.9216306938765
0.74,0.741,0.736,0.738,8740.86,XNOUSDT,6456.251196960493
0.737,0.739,0.733,0.733,2380.74,XNOUSDT,1750.7470653590344
0.736,0.736,0.733,0.734,7044.03,XNOUSDT,5174.752140417008
0.735,0.736,0.727,0.727,16277.9,XNOUSDT,11901.262009778211
0.729,0.732,0.722,0.725,27520.91,XNOUSDT,20004.419906788487
0.725,0.731,0.724,0.73,8559.8,XNOUSDT,6226.2331057169085
0.73,0.73,0.725,0.726,4996.51,XNOUSDT,3635.613741310787
0.727,0.733,0.724,0.731,8243.1,XNOUSDT,6006.173830760317
0.733,0.735,0.731,0.734,2394.41,XNOUSDT,1755.413162400247
0.734,0.735,0.734,0.734,790.53,XNOUSDT,580.3514476400568
0.735,0.737,0.734,0.735,2937.8,XNOUSDT,2159.6631639378506
0.736,0.737,0.734,0.734,1518.47,XNOUSDT,1116.2719465398286
0.734,0.736,0.734,0.734,6405.37,XNOUSDT,4703.972592845654
0.734,0.737,0.734,0.737,1500.93,XNOUSDT,1103.7529477428598
0.738,0.74,0.737,0.739,1563.44,XNOUSDT,1154.4110624358311
0.739,0.74,0.737,0.737,1061.84,XNOUSDT,783.7748041676124
0.739,0.74,0.738,0.738,461.08,XNOUSDT,340.56698104014293
0.74,0.742,0.738,0.738,4812.58,XNOUSDT,3558.3191787447013
0.74,0.74,0.736,0.737,4535.19,XNOUSDT,3347.554861479049
0.738,0.738,0.734,0.735,1887.21,XNOUSDT,1389.2304635393828
0.735,0.739,0.735,0.738,1044.93,XNOUSDT,769.7259063458465
0.737,0.74,0.735,0.735,2293.77,XNOUSDT,1689.6578643535086
0.736,0.738,0.735,0.738,2048.36,XNOUSDT,1508.8817026236957
0.738,0.738,0.733,0.733,1952.34,XNOUSDT,1435.7105461255985
0.734,0.734,0.731,0.734,1112.59,XNOUSDT,815.6728088985975
0.731,0.738,0.729,0.736,6466.37,XNOUSDT,4742.304434625572
0.734,0.737,0.732,0.736,3827.93,XNOUSDT,2812.1102495114988
0.735,0.738,0.735,0.736,2693.76,XNOUSDT,1982.282172740813
0.735,0.736,0.733,0.733,1887.23,XNOUSDT,1385.4713452111175
0.733,0.734,0.73,0.731,724.28,XNOUSDT,530.0860010311007
0.73,0.732,0.73,0.732,976.83,XNOUSDT,713.9456094310254
0.73,0.731,0.73,0.731,1228.98,XNOUSDT,897.6226377826421
0.732,0.732,0.73,0.732,715.39,XNOUSDT,523.2219520571042
0.731,0.732,0.731,0.732,132.84,XNOUSDT,97.1565217731108
0.731,0.731,0.726,0.727,3248.98,XNOUSDT,2367.305825801416
0.727,0.728,0.727,0.727,675.94,XNOUSDT,491.4967364805927
0.728,0.729,0.726,0.726,1036.98,XNOUSDT,754.0200103495058
0.726,0.726,0.726,0.726,313.21,XNOUSDT,227.3531634167508
0.728,0.728,0.728,0.728,28.7,XNOUSDT,20.890173031727997
0.728,0.728,0.726,0.727,1475.19,XNOUSDT,1072.6559616072514
0.726,0.727,0.725,0.727,1062.6,XNOUSDT,771.5866735927349
0.728,0.728,0.726,0.728,1678.23,XNOUSDT,1220.7120709604535
0.726,0.731,0.726,0.729,1840.1,XNOUSDT,1339.3730799889438
0.728,0.73,0.727,0.728,2300.89,XNOUSDT,1675.3483067921673
0.729,0.729,0.727,0.728,1451.43,XNOUSDT,1056.8305277207323
0.729,0.731,0.729,0.73,1193.4,XNOUSDT,870.7408076637271
0.73,0.739,0.73,0.737,15353.52,XNOUSDT,11267.635259286806
0.735,0.742,0.733,0.734,14446.45,XNOUSDT,10630.843243047455
0.736,0.739,0.734,0.737,6980.7,XNOUSDT,5140.442276344089
0.738,0.738,0.734,0.735,2008.54,XNOUSDT,1478.5450242619484
0.735,0.737,0.734,0.734,1597.73,XNOUSDT,1174.138936139169
0.734,0.742,0.734,0.735,7924.59,XNOUSDT,5833.522416190862
0.734,0.737,0.733,0.734,5325.7,XNOUSDT,3911.0850485948667
0.733,0.733,0.73,0.732,2692.01,XNOUSDT,1970.2281101724936
0.733,0.733,0.73,0.73,2332.71,XNOUSDT,1706.0974849845925
0.731,0.731,0.73,0.731,1034.93,XNOUSDT,756.151053258508
0.732,0.732,0.73,0.731,805.54,XNOUSDT,588.9545088344775
0.731,0.732,0.73,0.732,2326.08,XNOUSDT,1700.66701083708
0.732,0.732,0.73,0.731,2392.22,XNOUSDT,1749.0239530302822
0.733,0.733,0.731,0.731,691.56,XNOUSDT,506.13888948068154
0.732,0.735,0.731,0.735,1733.49,XNOUSDT,1270.8730597053989
0.735,0.735,0.731,0.732,20452.38,XNOUSDT,14994.247875013707
0.732,0.732,0.73,0.732,647.79,XNOUSDT,473.7806627476923
0.73,0.733,0.73,0.732,619.01,XNOUSDT,452.5768186727287
0.732,0.734,0.731,0.732,1082.94,XNOUSDT,792.8527499586837
0.732,0.732,0.73,0.73,2719.26,XNOUSDT,1987.4530244785788
0.732,0.733,0.728,0.733,7360.55,XNOUSDT,5383.359201573852
0.732,0.733,0.731,0.733,261.09,XNOUSDT,191.1517946393269
0.731,0.732,0.729,0.729,2814.56,XNOUSDT,2054.995324373191
0.729,0.73,0.726,0.726,1945.73,XNOUSDT,1415.7727543586698
0.728,0.729,0.726,0.727,1177.81,XNOUSDT,856.7162333517643
0.726,0.73,0.726,0.728,5570.98,XNOUSDT,4052.2231953184405
0.73,0.732,0.728,0.728,7178.63,XNOUSDT,5235.951643327849
0.73,0.73,0.722,0.723,28870.97,XNOUSDT,20964.10286626731
0.724,0.725,0.721,0.721,1900.55,XNOUSDT,1373.3972109354997
0.721,0.723,0.72,0.72,1810.67,XNOUSDT,1305.2789430266582
0.72,0.722,0.719,0.719,3576.06,XNOUSDT,2574.3408873399358
0.72,0.721,0.718,0.72,780.5,XNOUSDT,561.6727343252024
0.72,0.721,0.716,0.716,8231.04,XNOUSDT,5910.974802866391
0.716,0.718,0.713,0.718,13486.1,XNOUSDT,9657.834787075117
0.718,0.721,0.718,0.719,593.75,XNOUSDT,426.83622883687497
0.719,0.721,0.718,0.719,629.4,XNOUSDT,452.6216988102809
0.719,0.719,0.711,0.712,4111.55,XNOUSDT,2940.303789757727
0.713,0.713,0.708,0.708,2274.03,XNOUSDT,1615.4333081623736
0.709,0.71,0.708,0.71,3361.65,XNOUSDT,2383.8591977719443
0.712,0.713,0.708,0.712,3369.53,XNOUSDT,2396.1851257415856
0.71,0.712,0.709,0.712,1329.82,XNOUSDT,945.0145382879485
0.711,0.715,0.71,0.715,3236.18,XNOUSDT,2306.208968551874
0.715,0.715,0.711,0.711,1334.54,XNOUSDT,951.3709505381794
0.713,0.714,0.713,0.713,208.78,XNOUSDT,148.88791039881332
0.713,0.716,0.713,0.715,2551.01,XNOUSDT,1821.760038400452
0.715,0.715,0.713,0.715,604.5,XNOUSDT,431.84440726069494
0.715,0.715,0.711,0.711,1101.82,XNOUSDT,785.4688062718067
0.712,0.713,0.708,0.709,3857.48,XNOUSDT,2740.290003900649
0.708,0.716,0.708,0.713,11784.01,XNOUSDT,8380.002399026007
0.713,0.713,0.708,0.711,11069.42,XNOUSDT,7871.8336250416
0.709,0.711,0.709,0.71,250.58,XNOUSDT,177.81998418159688
0.71,0.715,0.708,0.711,15922.16,XNOUSDT,11318.798946042243
0.711,0.712,0.708,0.71,8508.51,XNOUSDT,6042.178026883305
0.71,0.713,0.709,0.713,13416.04,XNOUSDT,9540.593345171032
0.712,0.712,0.71,0.711,3716.53,XNOUSDT,2642.9483949905107
0.711,0.712,0.71,0.71,1801.1,XNOUSDT,1279.9218577780634
0.712,0.715,0.71,0.711,6389.17,XNOUSDT,4548.342898415659
0.711,0.713,0.71,0.711,322.18,XNOUSDT,229.11293973088948
0.71,0.711,0.709,0.711,955.01,XNOUSDT,678.1845984142728
0.711,0.718,0.711,0.712,7477.53,XNOUSDT,5330.60442083246
0.712,0.715,0.711,0.715,1470.29,XNOUSDT,1048.512337294143
0.715,0.718,0.715,0.718,830.81,XNOUSDT,595.1777279346326
0.717,0.723,0.716,0.723,6145.87,XNOUSDT,4422.764391681271
0.723,0.723,0.72,0.721,1999.47,XNOUSDT,1442.8807723721607
0.721,0.721,0.719,0.721,1081.67,XNOUSDT,779.2154071225954
0.72,0.723,0.716,0.716,5134.99,XNOUSDT,3690.1687017382683
0.718,0.718,0.715,0.717,4925.83,XNOUSDT,3531.2408208655575
0.718,0.718,0.716,0.718,3051.51,XNOUSDT,2189.0993100291316
0.716,0.718,0.715,0.716,8805.7,XNOUSDT,6306.048137307848
0.715,0.717,0.715,0.715,1187.1,XNOUSDT,849.2307363243989
0.717,0.717,0.714,0.716,2648.34,XNOUSDT,1895.900423399611
0.715,0.718,0.714,0.716,5669.21,XNOUSDT,4057.0715074678283
0.716,0.718,0.714,0.715,2866.57,XNOUSDT,2051.4109498787398
0.714,0.721,0.713,0.716,1903.81,XNOUSDT,1362.9043797520005
0.718,0.719,0.716,0.716,1987.62,XNOUSDT,1425.386614734611
0.716,0.718,0.714,0.716,4964.2,XNOUSDT,3553.7842126918554
0.714,0.716,0.711,0.713,18390.15,XNOUSDT,13119.21985756046
0.712,0.712,0.708,0.709,5050.36,XNOUSDT,3586.4298472764754
0.708,0.71,0.706,0.708,10980.91,XNOUSDT,7773.209109088394
0.708,0.71,0.707,0.71,4826.7,XNOUSDT,3420.362525107027
0.709,0.71,0.708,0.71,3958.57,XNOUSDT,2807.1552673609945
0.709,0.71,0.709,0.71,1537.61,XNOUSDT,1090.7553599569342
0.709,0.711,0.708,0.709,2450.28,XNOUSDT,1737.5760460240185
0.711,0.711,0.708,0.71,4610.45,XNOUSDT,3272.882593733609
0.71,0.711,0.708,0.71,1159.09,XNOUSDT,822.5291941298073
0.709,0.712,0.708,0.71,2670.15,XNOUSDT,1894.8281218073703
0.712,0.712,0.702,0.705,5161.34,XNOUSDT,3652.339230046092
0.703,0.705,0.703,0.703,300.55,XNOUSDT,211.40224511556147
0.703,0.707,0.7,0.702,15985.96,XNOUSDT,11236.286601937081
0.702,0.702,0.693,0.694,22170.18,XNOUSDT,15466.705829747558
0.695,0.696,0.694,0.694,5858.44,XNOUSDT,4069.4836038018157
0.694,0.698,0.693,0.696,5126.54,XNOUSDT,3563.642330498121
0.697,0.699,0.695,0.698,6275.39,XNOUSDT,4374.7980054185755
0.699,0.704,0.699,0.702,10893.65,XNOUSDT,7635.196119692426
0.7,0.702,0.699,0.7,3880.1,XNOUSDT,2716.5943760950995
0.7,0.704,0.697,0.7,8271.92,XNOUSDT,5791.461908587041
0.699,0.699,0.687,0.687,6509.17,XNOUSDT,4510.114939594065
0.687,0.69,0.685,0.689,9431.57,XNOUSDT,6485.498341556885
0.688,0.694,0.688,0.693,2738.78,XNOUSDT,1891.5019899490142
0.693,0.693,0.686,0.689,2984.9,XNOUSDT,2059.9892901285552
0.691,0.691,0.686,0.688,2440.95,XNOUSDT,1681.538698777509
0.688,0.69,0.686,0.689,923.68,XNOUSDT,635.6184887529048
0.69,0.696,0.69,0.692,4599.21,XNOUSDT,3182.1313012024534
0.692,0.698,0.687,0.698,10826.15,XNOUSDT,7509.409667070918
0.698,0.701,0.697,0.7,2573.46,XNOUSDT,1798.5534928624693
0.7,0.746,0.7,0.715,198979.7,XNOUSDT,142296.88706080566
0.714,0.741,0.713,0.72,44177.36,XNOUSDT,31890.822329236038
0.72,0.725,0.716,0.719,26383.76,XNOUSDT,18993.19142569305
0.718,0.721,0.714,0.719,8531.59,XNOUSDT,6124.676885700687
0.722,0.727,0.722,0.727,6323.58,XNOUSDT,4580.682263242885
0.727,0.73,0.725,0.729,7861.81,XNOUSDT,5720.493798186046
0.731,0.738,0.728,0.728,38433.79,XNOUSDT,28100.09920314007
0.728,0.746,0.726,0.735,53283.25,XNOUSDT,39090.17206567955
0.734,0.741,0.734,0.74,5745.95,XNOUSDT,4235.5068157074165
0.74,0.753,0.719,0.723,206573.7,XNOUSDT,151548.59129734145
0.723,0.724,0.715,0.718,50938.92,XNOUSDT,36670.006798805945
0.719,0.719,0.71,0.712,27391.18,XNOUSDT,19581.481418539322
0.712,0.713,0.71,0.713,9396.91,XNOUSDT,6689.502527801121
0.711,0.712,0.709,0.71,7931.11,XNOUSDT,5634.1293934995065
0.71,0.712,0.709,0.71,6720.54,XNOUSDT,4772.480624314988
0.71,0.713,0.705,0.707,28568.35,XNOUSDT,20244.49701538139
0.707,0.708,0.701,0.707,30085.04,XNOUSDT,21229.03442256494
0.708,0.708,0.703,0.705,8377.81,XNOUSDT,5913.763725352282
0.704,0.707,0.702,0.702,6949.55,XNOUSDT,4889.943632371834
0.702,0.705,0.702,0.705,2464.31,XNOUSDT,1733.357733025218
0.705,0.706,0.703,0.706,1016.0,XNOUSDT,716.1625157543999
0.705,0.709,0.704,0.709,12390.69,XNOUSDT,8755.683814651766
0.708,0.709,0.706,0.708,2632.94,XNOUSDT,1863.157639751994
0.705,0.707,0.704,0.705,293.88,XNOUSDT,207.22487540014257
0.705,0.705,0.702,0.704,6592.16,XNOUSDT,4640.119442757426
0.705,0.705,0.702,0.704,4499.71,XNOUSDT,3167.276258126323
0.702,0.705,0.701,0.702,11259.65,XNOUSDT,7908.606742525417
0.704,0.707,0.702,0.702,6094.23,XNOUSDT,4288.110911168262
0.703,0.704,0.701,0.704,818.46,XNOUSDT,575.2830066021326
0.705,0.707,0.704,0.705,3306.99,XNOUSDT,2331.8721610845155
0.705,0.705,0.7,0.702,11550.09,XNOUSDT,8118.381474629454
0.703,0.703,0.698,0.698,4182.94,XNOUSDT,2929.66886688393
0.698,0.703,0.698,0.703,3706.46,XNOUSDT,2595.9493725347747
0.702,0.704,0.701,0.704,2696.17,XNOUSDT,1894.4226933166606
0.702,0.706,0.701,0.706,5838.19,XNOUSDT,4107.952315628625
0.706,0.707,0.705,0.707,5264.44,XNOUSDT,3717.400921876784
0.706,0.71,0.705,0.709,8198.19,XNOUSDT,5799.268073009912
0.708,0.711,0.707,0.708,4284.98,XNOUSDT,3035.4103803157127
0.708,0.71,0.707,0.709,3697.27,XNOUSDT,2619.086142019304
