open,high,low,close,volume,name
33.92000000,33.92000000,33.80000000,33.80000000,2466.00000000,XRPRUB
33.91000000,34.20000000,33.88000000,34.20000000,5565.00000000,XRPRUB
34.25000000,34.31000000,34.16000000,34.16000000,474.00000000,XRPRUB
34.08000000,34.09000000,33.92000000,34.09000000,6043.00000000,XRPRUB
34.11000000,34.16000000,34.09000000,34.16000000,609.00000000,XRPRUB
34.06000000,34.09000000,33.95000000,33.95000000,321.00000000,XRPRUB
33.94000000,34.05000000,33.94000000,34.05000000,197.00000000,XRPRUB
34.00000000,34.00000000,33.79000000,33.81000000,1716.00000000,XRPRUB
33.85000000,33.88000000,33.76000000,33.88000000,16247.00000000,XRPRUB
33.90000000,34.00000000,33.85000000,33.96000000,2631.00000000,XRPRUB
33.92000000,34.03000000,33.87000000,33.87000000,3666.00000000,XRPRUB
33.89000000,34.04000000,33.75000000,34.01000000,2308.00000000,XRPRUB
34.10000000,34.10000000,34.00000000,34.06000000,3026.00000000,XRPRUB
34.09000000,34.15000000,34.03000000,34.15000000,3084.00000000,XRPRUB
34.16000000,34.19000000,34.08000000,34.19000000,3574.00000000,XRPRUB
34.18000000,34.20000000,34.10000000,34.20000000,3858.00000000,XRPRUB
34.22000000,34.27000000,34.14000000,34.14000000,3069.00000000,XRPRUB
34.13000000,34.30000000,34.10000000,34.27000000,1774.00000000,XRPRUB
34.29000000,35.31000000,34.24000000,35.06000000,9709.00000000,XRPRUB
34.99000000,35.32000000,34.92000000,35.17000000,2558.00000000,XRPRUB
35.11000000,35.66000000,34.99000000,35.66000000,1389.00000000,XRPRUB
35.77000000,36.13000000,35.52000000,35.98000000,2459.00000000,XRPRUB
36.07000000,37.07000000,36.03000000,37.07000000,5889.00000000,XRPRUB
37.00000000,37.15000000,36.62000000,36.65000000,1933.00000000,XRPRUB
36.68000000,37.00000000,36.63000000,36.97000000,8288.00000000,XRPRUB
36.99000000,37.06000000,36.88000000,36.88000000,10746.00000000,XRPRUB
36.87000000,36.87000000,36.67000000,36.67000000,4196.00000000,XRPRUB
36.63000000,36.63000000,36.00000000,36.00000000,7044.00000000,XRPRUB
36.05000000,36.26000000,35.92000000,36.26000000,5561.00000000,XRPRUB
36.27000000,36.27000000,35.80000000,35.82000000,5671.00000000,XRPRUB
35.82000000,36.07000000,35.74000000,36.06000000,4802.00000000,XRPRUB
35.92000000,36.02000000,35.87000000,35.94000000,2027.00000000,XRPRUB
36.07000000,36.18000000,35.94000000,36.08000000,5823.00000000,XRPRUB
36.15000000,36.56000000,36.15000000,36.20000000,30962.00000000,XRPRUB
36.20000000,36.28000000,36.00000000,36.00000000,2357.00000000,XRPRUB
35.96000000,35.96000000,35.50000000,35.60000000,5158.00000000,XRPRUB
35.61000000,35.61000000,35.38000000,35.56000000,2128.00000000,XRPRUB
35.54000000,35.60000000,35.40000000,35.54000000,3465.00000000,XRPRUB
35.59000000,35.79000000,35.51000000,35.79000000,3917.00000000,XRPRUB
35.84000000,36.07000000,35.79000000,36.05000000,5247.00000000,XRPRUB
36.10000000,36.30000000,36.10000000,36.17000000,2687.00000000,XRPRUB
36.18000000,36.24000000,36.04000000,36.10000000,1316.00000000,XRPRUB
36.02000000,36.11000000,35.99000000,36.06000000,1276.00000000,XRPRUB
36.05000000,36.09000000,35.90000000,36.09000000,1311.00000000,XRPRUB
36.09000000,36.13000000,36.09000000,36.13000000,709.00000000,XRPRUB
36.02000000,36.02000000,35.80000000,35.88000000,412.00000000,XRPRUB
35.77000000,35.78000000,35.68000000,35.68000000,127.00000000,XRPRUB
35.97000000,36.04000000,35.93000000,36.04000000,902.00000000,XRPRUB
36.05000000,36.05000000,35.98000000,36.03000000,441.00000000,XRPRUB
36.07000000,36.34000000,36.02000000,36.34000000,384.00000000,XRPRUB
36.26000000,36.39000000,36.20000000,36.20000000,14289.00000000,XRPRUB
36.20000000,36.21000000,35.90000000,35.90000000,3049.00000000,XRPRUB
35.97000000,36.22000000,35.97000000,36.22000000,1108.00000000,XRPRUB
36.15000000,36.27000000,35.83000000,35.88000000,4129.00000000,XRPRUB
35.87000000,36.03000000,35.81000000,35.95000000,1200.00000000,XRPRUB
36.03000000,37.88000000,36.03000000,37.76000000,40369.00000000,XRPRUB
37.82000000,38.01000000,37.44000000,37.45000000,6916.00000000,XRPRUB
37.49000000,37.84000000,37.49000000,37.77000000,2622.00000000,XRPRUB
37.71000000,37.78000000,37.43000000,37.62000000,1675.00000000,XRPRUB
37.63000000,37.64000000,37.30000000,37.38000000,20023.00000000,XRPRUB
37.38000000,37.40000000,37.15000000,37.15000000,1293.00000000,XRPRUB
37.23000000,37.51000000,37.23000000,37.31000000,435.00000000,XRPRUB
37.33000000,37.38000000,36.41000000,36.41000000,4925.00000000,XRPRUB
36.48000000,36.71000000,36.46000000,36.71000000,1815.00000000,XRPRUB
36.82000000,37.04000000,36.77000000,37.04000000,968.00000000,XRPRUB
36.97000000,37.41000000,36.97000000,37.29000000,892.00000000,XRPRUB
37.28000000,37.62000000,37.28000000,37.38000000,3364.00000000,XRPRUB
37.55000000,37.55000000,37.33000000,37.38000000,1374.00000000,XRPRUB
37.28000000,37.31000000,37.21000000,37.23000000,1055.00000000,XRPRUB
37.38000000,37.39000000,37.34000000,37.34000000,493.00000000,XRPRUB
37.46000000,37.46000000,37.07000000,37.31000000,2074.00000000,XRPRUB
37.32000000,37.86000000,37.32000000,37.67000000,2252.00000000,XRPRUB
37.49000000,37.72000000,37.49000000,37.68000000,2997.00000000,XRPRUB
37.61000000,37.86000000,37.51000000,37.71000000,5164.00000000,XRPRUB
37.80000000,37.80000000,37.49000000,37.55000000,3189.00000000,XRPRUB
37.53000000,37.55000000,37.27000000,37.27000000,2057.00000000,XRPRUB
37.24000000,37.28000000,36.93000000,36.99000000,5350.00000000,XRPRUB
37.09000000,37.16000000,36.98000000,37.08000000,4759.00000000,XRPRUB
37.09000000,37.31000000,36.93000000,37.24000000,9886.00000000,XRPRUB
37.24000000,37.40000000,37.11000000,37.31000000,5201.00000000,XRPRUB
37.44000000,37.44000000,37.34000000,37.36000000,552.00000000,XRPRUB
37.34000000,37.47000000,37.26000000,37.44000000,1378.00000000,XRPRUB
37.34000000,37.48000000,37.34000000,37.47000000,3328.00000000,XRPRUB
37.39000000,38.12000000,37.26000000,38.08000000,12603.00000000,XRPRUB
38.07000000,38.31000000,37.30000000,37.55000000,31440.00000000,XRPRUB
37.58000000,37.90000000,37.56000000,37.80000000,2444.00000000,XRPRUB
37.70000000,37.83000000,37.65000000,37.83000000,1111.00000000,XRPRUB
37.81000000,37.85000000,37.68000000,37.70000000,5611.00000000,XRPRUB
37.70000000,37.72000000,37.42000000,37.58000000,5788.00000000,XRPRUB
37.59000000,37.67000000,37.39000000,37.42000000,3961.00000000,XRPRUB
37.44000000,37.63000000,37.44000000,37.63000000,1105.00000000,XRPRUB
37.63000000,37.67000000,37.54000000,37.61000000,1880.00000000,XRPRUB
37.61000000,37.67000000,37.54000000,37.67000000,1386.00000000,XRPRUB
37.64000000,37.68000000,37.37000000,37.39000000,1068.00000000,XRPRUB
37.43000000,37.48000000,37.30000000,37.30000000,75.00000000,XRPRUB
37.46000000,37.48000000,37.46000000,37.47000000,144.00000000,XRPRUB
37.48000000,37.51000000,37.42000000,37.42000000,1207.00000000,XRPRUB
37.39000000,37.39000000,37.20000000,37.30000000,8015.00000000,XRPRUB
37.29000000,37.35000000,37.29000000,37.32000000,8934.00000000,XRPRUB
37.35000000,37.36000000,37.29000000,37.32000000,1059.00000000,XRPRUB
37.33000000,37.47000000,37.30000000,37.41000000,1155.00000000,XRPRUB
37.40000000,37.40000000,37.33000000,37.37000000,2078.00000000,XRPRUB
37.38000000,37.39000000,37.30000000,37.37000000,5069.00000000,XRPRUB
37.29000000,37.48000000,37.29000000,37.48000000,1205.00000000,XRPRUB
37.48000000,37.76000000,37.48000000,37.62000000,3181.00000000,XRPRUB
37.62000000,37.71000000,37.59000000,37.60000000,3016.00000000,XRPRUB
37.62000000,37.62000000,37.53000000,37.58000000,385.00000000,XRPRUB
37.64000000,37.67000000,37.64000000,37.65000000,306.00000000,XRPRUB
37.64000000,37.67000000,37.55000000,37.60000000,1412.00000000,XRPRUB
37.57000000,37.62000000,37.51000000,37.54000000,2162.00000000,XRPRUB
37.56000000,37.75000000,37.53000000,37.74000000,3773.00000000,XRPRUB
37.62000000,37.73000000,37.62000000,37.67000000,1166.00000000,XRPRUB
37.65000000,37.66000000,37.62000000,37.65000000,2040.00000000,XRPRUB
37.66000000,37.77000000,37.63000000,37.63000000,3005.00000000,XRPRUB
37.68000000,37.68000000,37.63000000,37.67000000,1496.00000000,XRPRUB
37.73000000,37.92000000,37.73000000,37.92000000,866.00000000,XRPRUB
37.74000000,37.75000000,37.74000000,37.75000000,544.00000000,XRPRUB
37.76000000,37.79000000,37.70000000,37.79000000,1429.00000000,XRPRUB
37.74000000,37.81000000,37.74000000,37.78000000,1691.00000000,XRPRUB
37.78000000,37.83000000,37.73000000,37.74000000,912.00000000,XRPRUB
37.75000000,37.75000000,37.65000000,37.65000000,111.00000000,XRPRUB
37.71000000,37.71000000,37.71000000,37.71000000,26.00000000,XRPRUB
37.80000000,37.80000000,37.75000000,37.78000000,1041.00000000,XRPRUB
37.83000000,37.88000000,37.78000000,37.85000000,2449.00000000,XRPRUB
37.81000000,37.83000000,37.80000000,37.82000000,1505.00000000,XRPRUB
37.80000000,37.80000000,37.69000000,37.71000000,2836.00000000,XRPRUB
37.70000000,37.83000000,37.70000000,37.77000000,1957.00000000,XRPRUB
37.79000000,37.83000000,37.58000000,37.58000000,267.00000000,XRPRUB
37.55000000,37.58000000,37.48000000,37.49000000,1984.00000000,XRPRUB
37.47000000,37.53000000,37.42000000,37.42000000,94.00000000,XRPRUB
37.50000000,37.54000000,37.50000000,37.54000000,104.00000000,XRPRUB
37.52000000,37.58000000,37.52000000,37.52000000,2219.00000000,XRPRUB
37.47000000,37.48000000,36.83000000,37.04000000,10456.00000000,XRPRUB
36.85000000,36.85000000,36.78000000,36.78000000,1604.00000000,XRPRUB
36.91000000,36.91000000,36.70000000,36.70000000,1162.00000000,XRPRUB
36.84000000,36.94000000,36.83000000,36.86000000,3000.00000000,XRPRUB
36.88000000,36.92000000,36.85000000,36.92000000,2145.00000000,XRPRUB
36.92000000,37.21000000,36.92000000,36.93000000,904.00000000,XRPRUB
36.88000000,36.96000000,36.65000000,36.93000000,688.00000000,XRPRUB
36.80000000,36.80000000,36.80000000,36.80000000,805.00000000,XRPRUB
36.86000000,36.86000000,36.71000000,36.71000000,507.00000000,XRPRUB
36.64000000,36.64000000,36.17000000,36.17000000,5481.00000000,XRPRUB
36.37000000,36.38000000,36.35000000,36.35000000,603.00000000,XRPRUB
36.49000000,36.71000000,36.49000000,36.71000000,2013.00000000,XRPRUB
36.81000000,36.82000000,36.59000000,36.61000000,1164.00000000,XRPRUB
36.54000000,36.72000000,36.53000000,36.71000000,178.00000000,XRPRUB
36.76000000,37.21000000,36.76000000,37.13000000,3006.00000000,XRPRUB
37.20000000,37.40000000,36.98000000,37.02000000,5901.00000000,XRPRUB
37.01000000,37.08000000,36.90000000,36.97000000,6454.00000000,XRPRUB
36.98000000,37.00000000,36.71000000,36.77000000,1553.00000000,XRPRUB
36.86000000,36.99000000,36.86000000,36.96000000,298.00000000,XRPRUB
36.88000000,37.15000000,36.88000000,37.15000000,338.00000000,XRPRUB
37.11000000,37.13000000,37.02000000,37.11000000,1669.00000000,XRPRUB
37.13000000,37.13000000,36.98000000,36.98000000,368.00000000,XRPRUB
37.12000000,37.12000000,37.11000000,37.12000000,851.00000000,XRPRUB
36.96000000,36.98000000,36.88000000,36.98000000,2149.00000000,XRPRUB
36.80000000,36.85000000,36.75000000,36.75000000,389.00000000,XRPRUB
36.72000000,36.84000000,36.71000000,36.80000000,3042.00000000,XRPRUB
36.72000000,36.72000000,36.51000000,36.66000000,4881.00000000,XRPRUB
36.89000000,37.02000000,36.47000000,36.93000000,10930.00000000,XRPRUB
37.04000000,37.10000000,37.01000000,37.10000000,2006.00000000,XRPRUB
37.12000000,37.12000000,37.05000000,37.05000000,125.00000000,XRPRUB
37.08000000,37.14000000,37.05000000,37.08000000,588.00000000,XRPRUB
37.09000000,37.15000000,37.09000000,37.15000000,63.00000000,XRPRUB
37.17000000,37.20000000,37.11000000,37.11000000,3572.00000000,XRPRUB
37.18000000,37.21000000,37.18000000,37.21000000,53.00000000,XRPRUB
37.15000000,37.21000000,37.03000000,37.03000000,1343.00000000,XRPRUB
37.15000000,37.15000000,37.07000000,37.07000000,949.00000000,XRPRUB
37.25000000,37.46000000,37.25000000,37.34000000,1385.00000000,XRPRUB
37.34000000,37.35000000,37.26000000,37.26000000,867.00000000,XRPRUB
37.37000000,37.50000000,37.37000000,37.40000000,1494.00000000,XRPRUB
37.44000000,37.47000000,37.00000000,37.00000000,6214.00000000,XRPRUB
37.11000000,37.19000000,37.00000000,37.16000000,4860.00000000,XRPRUB
37.04000000,37.04000000,36.92000000,36.96000000,1045.00000000,XRPRUB
36.96000000,37.06000000,36.91000000,37.00000000,1251.00000000,XRPRUB
36.96000000,36.98000000,36.87000000,36.91000000,1281.00000000,XRPRUB
36.91000000,36.92000000,36.90000000,36.92000000,648.00000000,XRPRUB
36.96000000,37.01000000,36.92000000,37.01000000,1028.00000000,XRPRUB
37.01000000,37.03000000,35.04000000,36.85000000,30648.00000000,XRPRUB
36.92000000,37.02000000,36.91000000,37.02000000,287.00000000,XRPRUB
37.00000000,37.01000000,36.93000000,36.93000000,1631.00000000,XRPRUB
36.92000000,36.95000000,36.80000000,36.80000000,324.00000000,XRPRUB
36.88000000,36.88000000,36.78000000,36.79000000,329.00000000,XRPRUB
36.82000000,36.87000000,36.81000000,36.83000000,1755.00000000,XRPRUB
36.89000000,37.11000000,36.89000000,37.11000000,532.00000000,XRPRUB
37.15000000,37.27000000,37.15000000,37.26000000,581.00000000,XRPRUB
37.19000000,37.22000000,37.16000000,37.16000000,4014.00000000,XRPRUB
37.27000000,37.30000000,37.23000000,37.23000000,412.00000000,XRPRUB
37.28000000,37.28000000,37.26000000,37.26000000,509.00000000,XRPRUB
37.20000000,37.20000000,36.98000000,37.00000000,1180.00000000,XRPRUB
36.93000000,36.97000000,36.88000000,36.97000000,1924.00000000,XRPRUB
36.95000000,36.99000000,36.93000000,36.94000000,405.00000000,XRPRUB
36.83000000,36.83000000,36.52000000,36.57000000,3598.00000000,XRPRUB
36.66000000,36.93000000,36.66000000,36.93000000,1251.00000000,XRPRUB
36.90000000,36.91000000,36.80000000,36.80000000,920.00000000,XRPRUB
36.83000000,36.95000000,36.70000000,36.70000000,1649.00000000,XRPRUB
36.80000000,36.82000000,36.62000000,36.64000000,21322.00000000,XRPRUB
36.60000000,36.62000000,36.35000000,36.39000000,3071.00000000,XRPRUB
36.31000000,36.42000000,36.31000000,36.40000000,3207.00000000,XRPRUB
36.36000000,36.43000000,36.33000000,36.41000000,402.00000000,XRPRUB
36.48000000,36.52000000,36.48000000,36.50000000,3209.00000000,XRPRUB
36.68000000,36.68000000,36.55000000,36.62000000,6044.00000000,XRPRUB
36.52000000,36.64000000,36.00000000,36.25000000,10748.00000000,XRPRUB
36.22000000,36.42000000,36.08000000,36.42000000,4500.00000000,XRPRUB
36.20000000,36.35000000,36.16000000,36.32000000,1637.00000000,XRPRUB
36.35000000,36.35000000,36.07000000,36.25000000,2673.00000000,XRPRUB
36.29000000,36.36000000,36.24000000,36.35000000,2855.00000000,XRPRUB
36.36000000,36.39000000,36.23000000,36.35000000,2751.00000000,XRPRUB
36.31000000,36.46000000,36.30000000,36.43000000,2806.00000000,XRPRUB
36.56000000,36.61000000,36.56000000,36.61000000,70.00000000,XRPRUB
36.60000000,36.60000000,36.49000000,36.49000000,11.00000000,XRPRUB
36.49000000,36.49000000,36.49000000,36.49000000,0.00000000,XRPRUB
36.59000000,36.59000000,36.52000000,36.56000000,150.00000000,XRPRUB
36.57000000,36.57000000,36.21000000,36.21000000,511.00000000,XRPRUB
36.20000000,36.20000000,35.80000000,36.05000000,1395.00000000,XRPRUB
36.26000000,36.42000000,36.26000000,36.42000000,260.00000000,XRPRUB
36.43000000,36.53000000,36.43000000,36.53000000,95.00000000,XRPRUB
36.52000000,36.62000000,36.51000000,36.56000000,439.00000000,XRPRUB
36.51000000,36.57000000,36.46000000,36.52000000,1938.00000000,XRPRUB
36.54000000,36.54000000,36.31000000,36.31000000,438.00000000,XRPRUB
36.25000000,36.25000000,36.14000000,36.24000000,555.00000000,XRPRUB
36.21000000,36.22000000,35.98000000,35.98000000,3171.00000000,XRPRUB
36.14000000,36.14000000,36.10000000,36.13000000,1249.00000000,XRPRUB
36.11000000,36.17000000,36.11000000,36.17000000,394.00000000,XRPRUB
36.26000000,36.28000000,36.21000000,36.27000000,1620.00000000,XRPRUB
36.48000000,36.52000000,36.37000000,36.38000000,657.00000000,XRPRUB
36.36000000,36.38000000,36.27000000,36.33000000,694.00000000,XRPRUB
36.34000000,36.37000000,36.25000000,36.32000000,610.00000000,XRPRUB
36.34000000,36.38000000,36.15000000,36.18000000,2361.00000000,XRPRUB
36.20000000,36.20000000,36.12000000,36.17000000,423.00000000,XRPRUB
36.03000000,36.13000000,35.94000000,36.09000000,1883.00000000,XRPRUB
36.19000000,36.19000000,36.15000000,36.16000000,179.00000000,XRPRUB
36.38000000,36.49000000,36.38000000,36.47000000,2595.00000000,XRPRUB
36.47000000,36.52000000,36.36000000,36.52000000,30344.00000000,XRPRUB
36.49000000,36.57000000,36.49000000,36.55000000,246.00000000,XRPRUB
36.57000000,36.67000000,36.56000000,36.67000000,1109.00000000,XRPRUB
36.67000000,36.67000000,36.67000000,36.67000000,0.00000000,XRPRUB
36.67000000,37.02000000,36.67000000,37.02000000,1180.00000000,XRPRUB
37.15000000,37.70000000,37.15000000,37.54000000,9225.00000000,XRPRUB
37.16000000,37.27000000,37.15000000,37.27000000,1440.00000000,XRPRUB
37.37000000,37.51000000,37.34000000,37.38000000,3814.00000000,XRPRUB
37.42000000,37.42000000,37.39000000,37.39000000,803.00000000,XRPRUB
37.48000000,37.50000000,37.25000000,37.25000000,5995.00000000,XRPRUB
37.25000000,37.28000000,37.13000000,37.16000000,5362.00000000,XRPRUB
37.12000000,37.21000000,37.07000000,37.15000000,6900.00000000,XRPRUB
37.19000000,37.28000000,37.17000000,37.28000000,2879.00000000,XRPRUB
37.26000000,37.51000000,37.26000000,37.48000000,4380.00000000,XRPRUB
37.45000000,37.45000000,37.29000000,37.29000000,5141.00000000,XRPRUB
37.41000000,37.67000000,37.41000000,37.58000000,4873.00000000,XRPRUB
37.58000000,37.76000000,37.45000000,37.49000000,2768.00000000,XRPRUB
8.88400000,8.89100000,8.87100000,8.87500000,58558.00000000,XRPTRY
8.88400000,8.91200000,8.86700000,8.91100000,28363.00000000,XRPTRY
8.90900000,8.92400000,8.88800000,8.88800000,25907.00000000,XRPTRY
8.88800000,8.88800000,8.80100000,8.84200000,38204.00000000,XRPTRY
8.83600000,8.84200000,8.78000000,8.79200000,96938.00000000,XRPTRY
8.79000000,8.79100000,8.64000000,8.65200000,118736.00000000,XRPTRY
8.65000000,8.67800000,8.60200000,8.61300000,62334.00000000,XRPTRY
8.61300000,8.65800000,8.57100000,8.57800000,94358.00000000,XRPTRY
8.57800000,8.66200000,8.57800000,8.65200000,144273.00000000,XRPTRY
8.65100000,8.66500000,8.60500000,8.62400000,96315.00000000,XRPTRY
8.62700000,8.68600000,8.62400000,8.65600000,99226.00000000,XRPTRY
8.65700000,8.71700000,8.63200000,8.71500000,86675.00000000,XRPTRY
8.71500000,8.75400000,8.70600000,8.75200000,72530.00000000,XRPTRY
8.75600000,8.77500000,8.73900000,8.75600000,55448.00000000,XRPTRY
8.76400000,8.76900000,8.74100000,8.74300000,40102.00000000,XRPTRY
8.75200000,8.78200000,8.74900000,8.77000000,48354.00000000,XRPTRY
8.78000000,8.80200000,8.73500000,8.74000000,30212.00000000,XRPTRY
8.74000000,8.78800000,8.72900000,8.78500000,57446.00000000,XRPTRY
8.78500000,9.06900000,8.77900000,9.00200000,229595.00000000,XRPTRY
8.99700000,9.07700000,8.94900000,9.03500000,401591.00000000,XRPTRY
9.04300000,9.18200000,9.00000000,9.17600000,272626.00000000,XRPTRY
9.18900000,9.30000000,9.12700000,9.22900000,437685.00000000,XRPTRY
9.26900000,9.49300000,9.23800000,9.46500000,271844.00000000,XRPTRY
9.46500000,9.50000000,9.33200000,9.36300000,176653.00000000,XRPTRY
9.35400000,9.43400000,9.33800000,9.42700000,67895.00000000,XRPTRY
9.44200000,9.45700000,9.37100000,9.39200000,134319.00000000,XRPTRY
9.39400000,9.40000000,9.30500000,9.30800000,233857.00000000,XRPTRY
9.30600000,9.30600000,9.16100000,9.16100000,330808.00000000,XRPTRY
9.16600000,9.25500000,9.15900000,9.23500000,285507.00000000,XRPTRY
9.23100000,9.23100000,9.05000000,9.06100000,345039.00000000,XRPTRY
9.06200000,9.17300000,9.03300000,9.12200000,335422.00000000,XRPTRY
9.12200000,9.12200000,9.05700000,9.10600000,141410.00000000,XRPTRY
9.10600000,9.15800000,9.07500000,9.11600000,216673.00000000,XRPTRY
9.12000000,9.21600000,9.10800000,9.13500000,307305.00000000,XRPTRY
9.13600000,9.18400000,9.10400000,9.11700000,284354.00000000,XRPTRY
9.12000000,9.13000000,9.02000000,9.07000000,213017.00000000,XRPTRY
9.06100000,9.08800000,9.02800000,9.07400000,110469.00000000,XRPTRY
9.08000000,9.09500000,9.04100000,9.07700000,150637.00000000,XRPTRY
9.08400000,9.13100000,9.08300000,9.11700000,122253.00000000,XRPTRY
9.12100000,9.21200000,9.11200000,9.19600000,161682.00000000,XRPTRY
9.19500000,9.24900000,9.18800000,9.18800000,123883.00000000,XRPTRY
9.21200000,9.23600000,9.15600000,9.18600000,86426.00000000,XRPTRY
9.18600000,9.20900000,9.13600000,9.18500000,112629.00000000,XRPTRY
9.18600000,9.21500000,9.17400000,9.18600000,80260.00000000,XRPTRY
9.19800000,9.22700000,9.18800000,9.21100000,33538.00000000,XRPTRY
9.21600000,9.21600000,9.13000000,9.13000000,19094.00000000,XRPTRY
9.13800000,9.13900000,9.09100000,9.11800000,22372.00000000,XRPTRY
9.12000000,9.16500000,9.11800000,9.15500000,14243.00000000,XRPTRY
9.15600000,9.18200000,9.15600000,9.17900000,45342.00000000,XRPTRY
9.18000000,9.20000000,9.15700000,9.19800000,25332.00000000,XRPTRY
9.20300000,9.22900000,9.17200000,9.19200000,43293.00000000,XRPTRY
9.19200000,9.21800000,9.10300000,9.10400000,76101.00000000,XRPTRY
9.11000000,9.19000000,9.11000000,9.17000000,74333.00000000,XRPTRY
9.16800000,9.18700000,9.10900000,9.11500000,107522.00000000,XRPTRY
9.11500000,9.14700000,9.10600000,9.13400000,85584.00000000,XRPTRY
9.13600000,9.63000000,9.13600000,9.60800000,1234417.00000000,XRPTRY
9.60800000,9.67100000,9.51100000,9.51100000,670573.00000000,XRPTRY
9.51100000,9.59900000,9.49100000,9.55900000,288821.00000000,XRPTRY
9.55900000,9.60300000,9.53800000,9.58800000,232471.00000000,XRPTRY
9.58200000,9.62500000,9.52600000,9.58100000,289588.00000000,XRPTRY
9.57400000,9.58700000,9.50100000,9.53900000,196496.00000000,XRPTRY
9.53600000,9.58500000,9.50800000,9.58100000,159048.00000000,XRPTRY
9.58100000,9.61600000,9.34400000,9.39800000,284808.00000000,XRPTRY
9.40000000,9.47700000,9.36600000,9.47400000,234063.00000000,XRPTRY
9.47400000,9.52400000,9.44000000,9.49800000,268436.00000000,XRPTRY
9.50200000,9.61900000,9.47400000,9.59400000,417474.00000000,XRPTRY
9.59200000,9.67700000,9.58200000,9.62000000,578152.00000000,XRPTRY
9.63000000,9.66200000,9.60000000,9.60900000,131346.00000000,XRPTRY
9.60600000,9.60700000,9.54100000,9.54100000,50169.00000000,XRPTRY
9.54300000,9.61400000,9.54000000,9.61400000,61069.00000000,XRPTRY
9.61400000,9.61400000,9.48000000,9.54600000,79172.00000000,XRPTRY
9.55900000,9.71100000,9.55000000,9.63900000,166622.00000000,XRPTRY
9.62400000,9.67900000,9.60000000,9.67200000,100323.00000000,XRPTRY
9.67600000,9.72000000,9.63300000,9.69600000,167543.00000000,XRPTRY
9.69600000,9.70000000,9.63200000,9.64300000,164753.00000000,XRPTRY
9.64400000,9.66000000,9.56800000,9.57100000,123829.00000000,XRPTRY
9.57100000,9.58200000,9.48200000,9.49300000,243959.00000000,XRPTRY
9.49300000,9.59000000,9.48500000,9.56000000,283968.00000000,XRPTRY
9.56000000,9.60800000,9.56000000,9.60800000,250898.00000000,XRPTRY
9.59600000,9.62000000,9.55300000,9.61700000,92235.00000000,XRPTRY
9.62800000,9.66200000,9.56400000,9.58400000,176418.00000000,XRPTRY
9.58600000,9.63500000,9.58400000,9.63000000,79435.00000000,XRPTRY
9.63000000,9.65000000,9.60100000,9.65000000,97350.00000000,XRPTRY
9.65000000,9.83300000,9.60000000,9.79300000,357390.00000000,XRPTRY
9.79400000,9.87600000,9.58000000,9.66800000,795626.00000000,XRPTRY
9.66000000,9.76000000,9.64900000,9.72000000,198321.00000000,XRPTRY
9.72000000,9.74200000,9.67600000,9.73500000,202005.00000000,XRPTRY
9.72400000,9.75200000,9.69200000,9.70800000,136074.00000000,XRPTRY
9.70500000,9.73200000,9.62600000,9.67300000,81964.00000000,XRPTRY
9.67300000,9.70700000,9.65800000,9.66900000,48941.00000000,XRPTRY
9.67300000,9.74900000,9.67300000,9.74900000,95893.00000000,XRPTRY
9.72600000,9.76000000,9.71400000,9.74200000,77565.00000000,XRPTRY
9.74000000,9.74600000,9.70400000,9.72000000,53633.00000000,XRPTRY
9.72100000,9.73200000,9.64500000,9.65700000,54359.00000000,XRPTRY
9.67700000,9.68500000,9.64900000,9.65700000,6949.00000000,XRPTRY
9.67500000,9.69700000,9.67200000,9.67200000,21304.00000000,XRPTRY
9.69600000,9.69600000,9.66500000,9.66500000,3944.00000000,XRPTRY
9.66400000,9.66400000,9.61100000,9.64100000,26614.00000000,XRPTRY
9.64100000,9.66500000,9.63600000,9.65800000,27318.00000000,XRPTRY
9.65800000,9.66800000,9.63100000,9.64400000,38260.00000000,XRPTRY
9.65600000,9.68500000,9.65500000,9.66300000,39019.00000000,XRPTRY
9.66200000,9.67400000,9.65400000,9.67000000,61898.00000000,XRPTRY
9.67200000,9.67400000,9.63600000,9.63600000,67466.00000000,XRPTRY
9.63900000,9.67400000,9.63700000,9.66900000,25292.00000000,XRPTRY
9.66700000,9.73900000,9.66700000,9.71400000,91541.00000000,XRPTRY
9.71700000,9.74000000,9.71000000,9.72800000,47886.00000000,XRPTRY
9.71900000,9.72800000,9.70000000,9.72200000,26172.00000000,XRPTRY
9.72400000,9.74800000,9.72100000,9.74200000,56255.00000000,XRPTRY
9.74100000,9.74100000,9.70000000,9.70500000,45101.00000000,XRPTRY
9.70500000,9.72700000,9.68700000,9.69900000,53818.00000000,XRPTRY
9.69600000,9.76000000,9.68900000,9.74500000,108983.00000000,XRPTRY
9.74000000,9.74300000,9.70300000,9.72200000,80101.00000000,XRPTRY
9.72600000,9.74000000,9.69900000,9.74000000,122184.00000000,XRPTRY
9.73400000,9.76100000,9.72000000,9.73600000,90152.00000000,XRPTRY
9.73300000,9.76100000,9.72700000,9.74700000,43945.00000000,XRPTRY
9.74600000,9.82600000,9.73600000,9.79100000,150207.00000000,XRPTRY
9.78800000,9.78800000,9.75200000,9.75200000,51959.00000000,XRPTRY
9.76200000,9.78500000,9.73400000,9.77100000,137589.00000000,XRPTRY
9.76400000,9.77700000,9.76100000,9.76200000,11536.00000000,XRPTRY
9.76200000,9.77300000,9.75400000,9.75400000,6366.00000000,XRPTRY
9.75600000,9.75800000,9.74500000,9.74500000,15150.00000000,XRPTRY
9.75000000,9.76200000,9.74600000,9.75500000,8296.00000000,XRPTRY
9.75600000,9.78800000,9.75500000,9.77300000,16389.00000000,XRPTRY
9.78600000,9.80000000,9.76900000,9.79200000,92569.00000000,XRPTRY
9.79000000,9.79000000,9.75500000,9.76800000,43883.00000000,XRPTRY
9.76900000,9.77400000,9.75400000,9.75700000,37183.00000000,XRPTRY
9.75500000,9.77900000,9.74800000,9.77500000,29240.00000000,XRPTRY
9.78000000,9.78200000,9.71000000,9.73200000,122427.00000000,XRPTRY
9.73600000,9.73800000,9.68200000,9.70500000,61484.00000000,XRPTRY
9.70200000,9.70800000,9.68100000,9.70800000,36704.00000000,XRPTRY
9.70300000,9.71400000,9.67600000,9.71400000,47401.00000000,XRPTRY
9.71300000,9.71500000,9.67900000,9.67900000,46185.00000000,XRPTRY
9.67900000,9.69800000,9.52400000,9.58300000,125412.00000000,XRPTRY
9.57700000,9.59200000,9.52300000,9.54400000,96679.00000000,XRPTRY
9.54400000,9.57000000,9.47800000,9.53600000,151093.00000000,XRPTRY
9.53600000,9.56600000,9.52300000,9.55500000,73680.00000000,XRPTRY
9.55500000,9.57200000,9.55100000,9.56200000,39482.00000000,XRPTRY
9.56200000,9.65400000,9.56200000,9.58000000,73824.00000000,XRPTRY
9.58000000,9.60700000,9.52300000,9.59300000,71593.00000000,XRPTRY
9.59000000,9.59600000,9.55000000,9.56100000,39447.00000000,XRPTRY
9.56500000,9.58100000,9.52000000,9.52600000,8994.00000000,XRPTRY
9.54400000,9.57800000,9.40000000,9.46500000,39606.00000000,XRPTRY
9.47100000,9.47100000,9.42800000,9.43300000,10505.00000000,XRPTRY
9.45900000,9.57500000,9.45900000,9.57100000,20330.00000000,XRPTRY
9.55900000,9.58100000,9.50900000,9.50900000,26608.00000000,XRPTRY
9.52700000,9.61000000,9.51700000,9.60100000,71022.00000000,XRPTRY
9.60100000,9.69700000,9.60100000,9.65500000,144461.00000000,XRPTRY
9.68000000,9.73000000,9.58100000,9.59900000,60863.00000000,XRPTRY
9.58600000,9.61500000,9.55200000,9.56800000,98233.00000000,XRPTRY
9.58400000,9.60300000,9.52200000,9.57000000,99954.00000000,XRPTRY
9.57000000,9.59500000,9.55600000,9.58700000,59077.00000000,XRPTRY
9.58200000,9.63500000,9.56400000,9.62000000,74650.00000000,XRPTRY
9.62000000,9.63600000,9.58800000,9.61400000,65782.00000000,XRPTRY
9.62300000,9.63900000,9.58800000,9.59000000,52042.00000000,XRPTRY
9.58200000,9.65000000,9.57500000,9.61600000,110272.00000000,XRPTRY
9.61700000,9.62600000,9.55200000,9.58500000,128648.00000000,XRPTRY
9.59400000,9.59600000,9.53300000,9.53800000,53661.00000000,XRPTRY
9.54000000,9.56300000,9.50700000,9.51800000,40494.00000000,XRPTRY
9.51400000,9.54700000,9.45200000,9.54300000,124959.00000000,XRPTRY
9.54300000,9.59400000,9.54300000,9.59100000,147288.00000000,XRPTRY
9.59100000,9.61600000,9.57800000,9.60200000,82896.00000000,XRPTRY
9.60100000,9.60900000,9.57000000,9.59800000,78792.00000000,XRPTRY
9.60700000,9.62300000,9.60200000,9.60500000,20853.00000000,XRPTRY
9.59500000,9.63200000,9.59200000,9.63200000,15638.00000000,XRPTRY
9.63200000,9.64100000,9.60200000,9.61300000,10394.00000000,XRPTRY
9.62100000,9.65500000,9.59200000,9.62300000,18498.00000000,XRPTRY
9.60900000,9.65500000,9.58800000,9.58800000,9884.00000000,XRPTRY
9.62800000,9.62800000,9.59000000,9.61500000,4470.00000000,XRPTRY
9.60700000,9.68700000,9.60100000,9.65800000,49526.00000000,XRPTRY
9.65000000,9.67800000,9.62300000,9.67000000,51258.00000000,XRPTRY
9.67000000,9.69400000,9.64300000,9.67700000,60153.00000000,XRPTRY
9.68900000,9.70000000,9.57600000,9.58900000,90363.00000000,XRPTRY
9.59500000,9.63300000,9.56800000,9.58100000,281199.00000000,XRPTRY
9.57900000,9.59100000,9.52500000,9.55700000,111209.00000000,XRPTRY
9.55400000,9.60000000,9.53500000,9.59100000,145022.00000000,XRPTRY
9.59400000,9.59400000,9.56100000,9.56200000,85387.00000000,XRPTRY
9.56200000,9.57400000,9.55000000,9.55600000,147564.00000000,XRPTRY
9.55200000,9.61200000,9.54100000,9.59400000,170559.00000000,XRPTRY
9.60300000,9.61700000,9.57800000,9.59200000,119635.00000000,XRPTRY
9.59200000,9.63700000,9.58900000,9.61000000,86790.00000000,XRPTRY
9.61000000,9.62200000,9.60000000,9.61700000,68481.00000000,XRPTRY
9.61000000,9.61000000,9.57300000,9.57600000,84951.00000000,XRPTRY
9.57400000,9.59800000,9.57100000,9.59500000,73885.00000000,XRPTRY
9.59900000,9.60800000,9.57500000,9.57900000,62449.00000000,XRPTRY
9.57500000,9.66700000,9.57400000,9.66700000,106248.00000000,XRPTRY
9.66200000,9.70900000,9.65600000,9.68200000,94255.00000000,XRPTRY
9.67700000,9.70700000,9.64800000,9.68700000,74352.00000000,XRPTRY
9.67700000,9.71300000,9.66600000,9.71300000,40210.00000000,XRPTRY
9.70800000,9.70800000,9.68800000,9.70100000,16558.00000000,XRPTRY
9.69600000,9.69600000,9.62100000,9.63400000,25582.00000000,XRPTRY
9.61600000,9.64000000,9.59600000,9.61000000,19652.00000000,XRPTRY
9.63800000,9.65100000,9.62100000,9.62500000,19133.00000000,XRPTRY
9.61700000,9.64600000,9.51400000,9.55400000,56896.00000000,XRPTRY
9.55400000,9.60100000,9.55200000,9.58800000,37157.00000000,XRPTRY
9.58800000,9.59400000,9.55300000,9.57700000,94986.00000000,XRPTRY
9.58500000,9.62000000,9.55700000,9.57700000,152976.00000000,XRPTRY
9.56200000,9.62900000,9.56200000,9.56600000,107629.00000000,XRPTRY
9.56400000,9.61500000,9.52100000,9.59000000,224840.00000000,XRPTRY
9.58900000,9.61200000,9.54500000,9.57800000,201277.00000000,XRPTRY
9.57800000,9.59100000,9.53100000,9.54700000,55487.00000000,XRPTRY
9.54600000,9.57300000,9.51400000,9.57300000,86555.00000000,XRPTRY
9.57900000,9.58300000,9.52500000,9.52600000,193428.00000000,XRPTRY
9.52500000,9.56400000,9.41200000,9.47800000,385308.00000000,XRPTRY
9.47600000,9.51400000,9.41000000,9.50100000,185923.00000000,XRPTRY
9.50100000,9.51000000,9.46800000,9.49800000,124035.00000000,XRPTRY
9.49800000,9.50800000,9.40000000,9.49600000,141304.00000000,XRPTRY
9.49600000,9.52300000,9.47600000,9.49700000,196596.00000000,XRPTRY
9.49300000,9.52000000,9.46400000,9.48600000,216132.00000000,XRPTRY
9.48000000,9.54600000,9.46300000,9.54100000,124503.00000000,XRPTRY
9.54100000,9.58700000,9.53200000,9.57200000,39474.00000000,XRPTRY
9.57700000,9.58600000,9.55500000,9.56000000,16735.00000000,XRPTRY
9.55700000,9.58700000,9.55100000,9.58100000,22515.00000000,XRPTRY
9.58300000,9.59700000,9.56400000,9.56600000,9990.00000000,XRPTRY
9.56400000,9.57400000,9.46200000,9.46200000,41665.00000000,XRPTRY
9.48400000,9.50100000,9.37700000,9.49700000,68082.00000000,XRPTRY
9.50100000,9.57700000,9.50000000,9.56300000,33698.00000000,XRPTRY
9.56200000,9.57400000,9.53000000,9.57200000,30397.00000000,XRPTRY
9.57100000,9.59300000,9.54400000,9.54500000,94644.00000000,XRPTRY
9.55500000,9.58900000,9.55500000,9.58000000,18396.00000000,XRPTRY
9.58400000,9.60500000,9.49800000,9.49800000,103858.00000000,XRPTRY
9.49500000,9.50400000,9.46300000,9.50100000,41087.00000000,XRPTRY
9.50600000,9.50800000,9.45000000,9.45800000,83057.00000000,XRPTRY
9.45700000,9.49600000,9.45400000,9.47600000,106441.00000000,XRPTRY
9.48300000,9.48800000,9.45700000,9.46300000,109037.00000000,XRPTRY
9.46300000,9.53000000,9.46300000,9.53000000,88589.00000000,XRPTRY
9.52900000,9.57600000,9.50800000,9.50800000,157483.00000000,XRPTRY
9.50900000,9.52300000,9.49200000,9.50500000,100284.00000000,XRPTRY
9.50600000,9.53200000,9.50600000,9.52000000,46184.00000000,XRPTRY
9.52000000,9.53000000,9.44900000,9.45400000,65297.00000000,XRPTRY
9.45000000,9.47900000,9.45000000,9.47400000,63249.00000000,XRPTRY
9.47600000,9.49200000,9.43400000,9.48100000,100980.00000000,XRPTRY
9.49400000,9.50600000,9.48100000,9.50600000,104365.00000000,XRPTRY
9.51400000,9.58300000,9.51200000,9.56000000,82979.00000000,XRPTRY
9.56700000,9.57300000,9.55000000,9.56800000,68888.00000000,XRPTRY
9.55800000,9.58600000,9.55600000,9.58600000,41733.00000000,XRPTRY
9.58400000,9.61900000,9.58300000,9.61000000,94281.00000000,XRPTRY
9.61000000,9.61900000,9.59000000,9.60400000,44709.00000000,XRPTRY
9.60500000,9.72400000,9.58700000,9.72300000,108516.00000000,XRPTRY
9.70900000,9.88400000,9.70400000,9.80500000,266213.00000000,XRPTRY
9.80300000,9.80300000,9.73600000,9.78300000,31345.00000000,XRPTRY
9.78500000,9.87500000,9.78400000,9.84300000,69059.00000000,XRPTRY
9.83900000,9.86100000,9.81200000,9.83800000,109874.00000000,XRPTRY
9.84900000,9.86900000,9.77900000,9.77900000,194945.00000000,XRPTRY
9.78400000,9.79600000,9.73700000,9.74200000,193682.00000000,XRPTRY
9.73800000,9.78700000,9.72400000,9.74500000,161629.00000000,XRPTRY
9.74500000,9.80000000,9.73900000,9.77000000,85640.00000000,XRPTRY
9.76700000,9.83500000,9.75100000,9.83200000,106004.00000000,XRPTRY
9.82800000,9.82800000,9.77300000,9.78800000,192403.00000000,XRPTRY
9.78900000,9.88200000,9.78800000,9.85700000,269391.00000000,XRPTRY
9.85700000,9.91500000,9.84200000,9.86000000,164244.00000000,XRPTRY
0.63240000,0.63390000,0.63210000,0.63290000,11989.00000000,XRPAUD
0.63340000,0.63540000,0.63250000,0.63540000,13754.00000000,XRPAUD
0.63520000,0.63650000,0.63450000,0.63480000,36306.00000000,XRPAUD
0.63440000,0.63490000,0.63190000,0.63490000,67508.00000000,XRPAUD
0.63540000,0.63720000,0.63450000,0.63620000,103234.00000000,XRPAUD
0.63590000,0.63610000,0.62860000,0.62930000,165990.00000000,XRPAUD
0.62960000,0.63250000,0.62900000,0.63160000,37133.00000000,XRPAUD
0.63140000,0.63140000,0.62790000,0.62820000,29867.00000000,XRPAUD
0.62890000,0.63140000,0.62860000,0.63040000,160058.00000000,XRPAUD
0.63050000,0.63210000,0.62500000,0.63130000,81459.00000000,XRPAUD
0.63100000,0.63190000,0.63000000,0.63000000,88097.00000000,XRPAUD
0.62850000,0.63200000,0.62680000,0.63180000,16826.00000000,XRPAUD
0.63190000,0.63300000,0.63150000,0.63220000,15289.00000000,XRPAUD
0.63280000,0.63300000,0.63210000,0.63210000,3997.00000000,XRPAUD
0.63410000,0.63410000,0.63210000,0.63410000,9239.00000000,XRPAUD
0.63400000,0.63500000,0.63330000,0.63500000,12994.00000000,XRPAUD
0.63610000,0.63750000,0.63450000,0.63450000,5870.00000000,XRPAUD
0.63440000,0.63700000,0.63370000,0.63640000,2412.00000000,XRPAUD
0.63600000,0.65560000,0.63590000,0.65120000,217034.00000000,XRPAUD
0.65100000,0.65690000,0.64710000,0.65400000,88567.00000000,XRPAUD
0.65440000,0.66360000,0.65160000,0.66250000,146604.00000000,XRPAUD
0.66420000,0.67290000,0.65990000,0.66940000,212121.00000000,XRPAUD
0.67010000,0.69140000,0.66970000,0.68810000,199387.00000000,XRPAUD
0.68810000,0.69070000,0.67940000,0.67940000,253203.00000000,XRPAUD
0.68010000,0.68690000,0.68010000,0.68690000,184841.00000000,XRPAUD
0.68740000,0.68900000,0.68510000,0.68650000,76266.00000000,XRPAUD
0.68720000,0.68740000,0.68090000,0.68130000,77947.00000000,XRPAUD
0.68100000,0.68130000,0.67040000,0.67160000,202732.00000000,XRPAUD
0.67130000,0.67550000,0.66990000,0.67550000,165677.00000000,XRPAUD
0.67510000,0.67530000,0.66720000,0.66720000,88329.00000000,XRPAUD
0.66720000,0.67090000,0.66420000,0.66750000,122380.00000000,XRPAUD
0.66700000,0.66700000,0.66360000,0.66670000,79293.00000000,XRPAUD
0.66670000,0.67000000,0.66430000,0.66760000,70106.00000000,XRPAUD
0.66850000,0.67450000,0.66770000,0.66950000,89888.00000000,XRPAUD
0.66910000,0.67060000,0.66700000,0.66800000,35940.00000000,XRPAUD
0.66580000,0.66690000,0.65710000,0.66080000,50188.00000000,XRPAUD
0.66100000,0.66170000,0.65810000,0.66130000,7633.00000000,XRPAUD
0.66040000,0.66060000,0.65750000,0.65950000,16617.00000000,XRPAUD
0.66010000,0.66380000,0.65950000,0.66240000,8964.00000000,XRPAUD
0.66360000,0.67010000,0.66330000,0.66910000,16064.00000000,XRPAUD
0.67040000,0.67500000,0.67040000,0.67150000,52910.00000000,XRPAUD
0.67280000,0.67350000,0.66850000,0.67030000,26209.00000000,XRPAUD
0.66910000,0.67000000,0.66700000,0.66900000,239610.00000000,XRPAUD
0.66980000,0.67050000,0.66800000,0.66910000,24487.00000000,XRPAUD
0.67120000,0.67320000,0.67070000,0.67200000,23985.00000000,XRPAUD
0.67050000,0.67100000,0.66590000,0.66760000,20565.00000000,XRPAUD
0.66660000,0.66720000,0.66420000,0.66710000,61003.00000000,XRPAUD
0.66750000,0.67040000,0.66630000,0.66700000,34067.00000000,XRPAUD
0.66710000,0.66970000,0.66400000,0.66450000,89537.00000000,XRPAUD
0.66520000,0.66850000,0.66370000,0.66400000,158885.00000000,XRPAUD
0.66480000,0.66730000,0.65940000,0.65960000,129133.00000000,XRPAUD
0.66020000,0.66190000,0.65420000,0.65580000,61051.00000000,XRPAUD
0.65490000,0.66110000,0.65450000,0.66060000,35005.00000000,XRPAUD
0.66040000,0.66090000,0.65120000,0.65160000,87140.00000000,XRPAUD
0.65160000,0.65950000,0.65040000,0.65560000,62983.00000000,XRPAUD
0.65410000,0.68640000,0.65410000,0.68340000,305799.00000000,XRPAUD
0.68420000,0.68700000,0.67590000,0.67640000,57028.00000000,XRPAUD
0.67720000,0.68950000,0.67590000,0.68720000,88034.00000000,XRPAUD
0.68770000,0.68870000,0.68490000,0.68500000,20771.00000000,XRPAUD
0.68260000,0.68620000,0.67930000,0.68180000,23839.00000000,XRPAUD
0.68250000,0.68540000,0.67720000,0.67920000,14758.00000000,XRPAUD
0.67910000,0.68160000,0.67840000,0.67840000,3984.00000000,XRPAUD
0.67990000,0.68000000,0.66840000,0.66840000,31622.00000000,XRPAUD
0.67050000,0.67380000,0.66920000,0.67370000,21441.00000000,XRPAUD
0.67330000,0.67740000,0.67230000,0.67730000,16864.00000000,XRPAUD
0.67490000,0.67760000,0.67230000,0.67720000,23744.00000000,XRPAUD
0.67790000,0.68930000,0.67790000,0.68420000,36376.00000000,XRPAUD
0.68370000,0.68700000,0.67970000,0.67970000,25587.00000000,XRPAUD
0.67910000,0.67910000,0.67600000,0.67600000,17871.00000000,XRPAUD
0.67760000,0.68240000,0.67650000,0.68170000,65389.00000000,XRPAUD
0.68170000,0.68170000,0.66770000,0.67090000,14480.00000000,XRPAUD
0.67320000,0.68360000,0.67320000,0.68080000,20223.00000000,XRPAUD
0.67690000,0.68030000,0.67650000,0.67900000,24712.00000000,XRPAUD
0.67690000,0.67970000,0.67550000,0.67790000,12373.00000000,XRPAUD
0.67790000,0.67790000,0.67400000,0.67580000,37913.00000000,XRPAUD
0.67460000,0.67490000,0.66890000,0.66890000,13947.00000000,XRPAUD
0.66920000,0.66920000,0.66680000,0.66680000,22761.00000000,XRPAUD
0.66860000,0.67230000,0.66770000,0.67050000,11867.00000000,XRPAUD
0.67000000,0.67740000,0.67000000,0.67740000,14974.00000000,XRPAUD
0.67730000,0.67730000,0.67260000,0.67260000,20572.00000000,XRPAUD
0.67470000,0.67720000,0.67010000,0.67010000,6631.00000000,XRPAUD
0.67050000,0.67200000,0.67050000,0.67200000,5451.00000000,XRPAUD
0.67170000,0.67240000,0.66940000,0.67150000,12698.00000000,XRPAUD
0.67040000,0.68780000,0.66980000,0.68200000,36507.00000000,XRPAUD
0.68400000,0.68660000,0.66680000,0.67160000,112580.00000000,XRPAUD
0.67100000,0.67800000,0.67100000,0.67590000,20301.00000000,XRPAUD
0.67420000,0.67720000,0.67150000,0.67720000,5637.00000000,XRPAUD
0.68090000,0.68110000,0.67800000,0.67800000,2221.00000000,XRPAUD
0.67850000,0.67850000,0.67320000,0.67320000,1375.00000000,XRPAUD
0.67320000,0.67550000,0.67260000,0.67260000,2313.00000000,XRPAUD
0.67400000,0.67720000,0.67400000,0.67720000,7067.00000000,XRPAUD
0.67570000,0.67790000,0.67530000,0.67720000,4577.00000000,XRPAUD
0.67680000,0.67780000,0.67580000,0.67730000,14445.00000000,XRPAUD
0.67680000,0.67710000,0.67100000,0.67170000,13533.00000000,XRPAUD
0.67330000,0.67380000,0.67070000,0.67170000,10837.00000000,XRPAUD
0.67530000,0.67890000,0.67530000,0.67670000,1449.00000000,XRPAUD
0.67770000,0.67890000,0.67610000,0.67680000,6341.00000000,XRPAUD
0.67680000,0.67900000,0.67640000,0.67810000,16175.00000000,XRPAUD
0.67950000,0.68210000,0.67950000,0.68200000,2536.00000000,XRPAUD
0.68030000,0.68130000,0.68020000,0.68090000,4967.00000000,XRPAUD
0.68230000,0.68390000,0.68230000,0.68340000,4954.00000000,XRPAUD
0.68360000,0.68490000,0.68300000,0.68460000,11463.00000000,XRPAUD
0.68490000,0.68570000,0.68370000,0.68510000,10592.00000000,XRPAUD
0.68490000,0.68580000,0.68340000,0.68520000,15113.00000000,XRPAUD
0.68640000,0.69000000,0.68610000,0.68800000,9748.00000000,XRPAUD
0.68960000,0.68960000,0.68800000,0.68900000,3755.00000000,XRPAUD
0.68840000,0.68840000,0.68620000,0.68800000,2456.00000000,XRPAUD
0.68830000,0.68910000,0.68750000,0.68780000,10672.00000000,XRPAUD
0.68750000,0.68870000,0.68570000,0.68570000,7236.00000000,XRPAUD
0.68530000,0.68650000,0.68500000,0.68650000,3891.00000000,XRPAUD
0.68540000,0.68930000,0.68420000,0.68930000,7660.00000000,XRPAUD
0.68930000,0.68930000,0.68930000,0.68930000,0.00000000,XRPAUD
0.68750000,0.68750000,0.68710000,0.68710000,177.00000000,XRPAUD
0.68800000,0.68840000,0.68790000,0.68840000,5723.00000000,XRPAUD
0.68610000,0.68810000,0.68610000,0.68780000,1845.00000000,XRPAUD
0.68860000,0.69340000,0.68850000,0.69190000,10856.00000000,XRPAUD
0.68960000,0.68960000,0.68770000,0.68770000,10878.00000000,XRPAUD
0.68760000,0.69010000,0.68760000,0.68800000,8086.00000000,XRPAUD
0.68940000,0.68940000,0.68660000,0.68710000,16955.00000000,XRPAUD
0.68780000,0.68780000,0.68570000,0.68570000,15179.00000000,XRPAUD
0.68520000,0.68520000,0.68120000,0.68330000,5431.00000000,XRPAUD
0.68250000,0.68270000,0.68150000,0.68150000,7735.00000000,XRPAUD
0.68120000,0.68260000,0.67970000,0.68200000,19335.00000000,XRPAUD
0.68240000,0.68300000,0.68020000,0.68250000,8026.00000000,XRPAUD
0.68220000,0.68220000,0.67970000,0.67970000,11135.00000000,XRPAUD
0.67980000,0.67980000,0.67790000,0.67910000,16581.00000000,XRPAUD
0.67890000,0.68200000,0.67880000,0.67950000,4961.00000000,XRPAUD
0.67890000,0.68010000,0.67640000,0.67730000,8180.00000000,XRPAUD
0.67830000,0.67830000,0.67320000,0.67440000,15462.00000000,XRPAUD
0.67330000,0.68090000,0.67230000,0.68090000,10466.00000000,XRPAUD
0.67990000,0.68130000,0.67850000,0.68090000,5312.00000000,XRPAUD
0.68170000,0.68230000,0.67980000,0.67980000,8180.00000000,XRPAUD
0.67750000,0.67840000,0.66330000,0.66790000,24280.00000000,XRPAUD
0.66760000,0.66840000,0.66330000,0.66330000,3053.00000000,XRPAUD
0.66460000,0.66510000,0.66000000,0.66510000,12988.00000000,XRPAUD
0.66520000,0.67040000,0.66090000,0.67040000,19847.00000000,XRPAUD
0.67150000,0.67150000,0.67000000,0.67030000,636.00000000,XRPAUD
0.67030000,0.67410000,0.66770000,0.66770000,22212.00000000,XRPAUD
0.66580000,0.66870000,0.66510000,0.66870000,9681.00000000,XRPAUD
0.66510000,0.66510000,0.66180000,0.66180000,4072.00000000,XRPAUD
0.66300000,0.66410000,0.65770000,0.65880000,17984.00000000,XRPAUD
0.65900000,0.66090000,0.65150000,0.65390000,81238.00000000,XRPAUD
0.65350000,0.65850000,0.65270000,0.65340000,13395.00000000,XRPAUD
0.65540000,0.66210000,0.65540000,0.66100000,32155.00000000,XRPAUD
0.66130000,0.66480000,0.66070000,0.66450000,103593.00000000,XRPAUD
0.66350000,0.66400000,0.66060000,0.66230000,14245.00000000,XRPAUD
0.66300000,0.67010000,0.66100000,0.66810000,2838.00000000,XRPAUD
0.66850000,0.67090000,0.66130000,0.66430000,24729.00000000,XRPAUD
0.66320000,0.66320000,0.65970000,0.66040000,14117.00000000,XRPAUD
0.66140000,0.66140000,0.65410000,0.65450000,12856.00000000,XRPAUD
0.65340000,0.65510000,0.64420000,0.64460000,43124.00000000,XRPAUD
0.64400000,0.66000000,0.62130000,0.64950000,176509.00000000,XRPAUD
0.64980000,0.65000000,0.63450000,0.63630000,44315.00000000,XRPAUD
0.63620000,0.64310000,0.59030000,0.64020000,188597.00000000,XRPAUD
0.64110000,0.64980000,0.63710000,0.64510000,37141.00000000,XRPAUD
0.64610000,0.65110000,0.63990000,0.64950000,64598.00000000,XRPAUD
0.64990000,0.64990000,0.64060000,0.64060000,17660.00000000,XRPAUD
0.64020000,0.64790000,0.64020000,0.64350000,8847.00000000,XRPAUD
0.64290000,0.64290000,0.63310000,0.63890000,13279.00000000,XRPAUD
0.64030000,0.64370000,0.64030000,0.64180000,16476.00000000,XRPAUD
0.64220000,0.64570000,0.63830000,0.64210000,7640.00000000,XRPAUD
0.64220000,0.64220000,0.62550000,0.64090000,19894.00000000,XRPAUD
0.64260000,0.64310000,0.64180000,0.64180000,4078.00000000,XRPAUD
0.64010000,0.64230000,0.62750000,0.63200000,45249.00000000,XRPAUD
0.63090000,0.63280000,0.61670000,0.61720000,24675.00000000,XRPAUD
0.61680000,0.63100000,0.60100000,0.62400000,121888.00000000,XRPAUD
0.62310000,0.63340000,0.60190000,0.63340000,86439.00000000,XRPAUD
0.63520000,0.63630000,0.60390000,0.60620000,44578.00000000,XRPAUD
0.60640000,0.69590000,0.60620000,0.62310000,127874.00000000,XRPAUD
0.62270000,0.62390000,0.61880000,0.62130000,34584.00000000,XRPAUD
0.62040000,0.62220000,0.62030000,0.62080000,13721.00000000,XRPAUD
0.62170000,0.62270000,0.61620000,0.61680000,44999.00000000,XRPAUD
0.61700000,0.62890000,0.60610000,0.60610000,102270.00000000,XRPAUD
0.60520000,0.61880000,0.60250000,0.60870000,90905.00000000,XRPAUD
0.60660000,0.61680000,0.59830000,0.59830000,78699.00000000,XRPAUD
0.59880000,0.61290000,0.59840000,0.60190000,50779.00000000,XRPAUD
0.59990000,0.60290000,0.59160000,0.59530000,30015.00000000,XRPAUD
0.59440000,0.59540000,0.59050000,0.59110000,16473.00000000,XRPAUD
0.59130000,0.59670000,0.59030000,0.59030000,40607.00000000,XRPAUD
0.59110000,0.60000000,0.59090000,0.60000000,26434.00000000,XRPAUD
0.60120000,0.61870000,0.60020000,0.61010000,41683.00000000,XRPAUD
0.61440000,0.61440000,0.60910000,0.61350000,1328.00000000,XRPAUD
0.61550000,0.62480000,0.61550000,0.62410000,12682.00000000,XRPAUD
0.62440000,0.62480000,0.60430000,0.61910000,19711.00000000,XRPAUD
0.61730000,0.61730000,0.60110000,0.60290000,18817.00000000,XRPAUD
0.60190000,0.62030000,0.60100000,0.61830000,58172.00000000,XRPAUD
0.61710000,0.62020000,0.60940000,0.62020000,26148.00000000,XRPAUD
0.61980000,0.62050000,0.61290000,0.61320000,9941.00000000,XRPAUD
0.61280000,0.61390000,0.61010000,0.61390000,7067.00000000,XRPAUD
0.61320000,0.61330000,0.60690000,0.60830000,7663.00000000,XRPAUD
0.60700000,0.60780000,0.60540000,0.60700000,4956.00000000,XRPAUD
0.61170000,0.61920000,0.60630000,0.61510000,15665.00000000,XRPAUD
0.61540000,0.62020000,0.60650000,0.61500000,64860.00000000,XRPAUD
0.61530000,0.62400000,0.61530000,0.62110000,29116.00000000,XRPAUD
0.62210000,0.62210000,0.61560000,0.62030000,35706.00000000,XRPAUD
0.62060000,0.62060000,0.61400000,0.61420000,12119.00000000,XRPAUD
0.61440000,0.61690000,0.60700000,0.60700000,43578.00000000,XRPAUD
0.60720000,0.60870000,0.60360000,0.60870000,19385.00000000,XRPAUD
0.60900000,0.60920000,0.60330000,0.60370000,56967.00000000,XRPAUD
0.60450000,0.60910000,0.60360000,0.60370000,14134.00000000,XRPAUD
0.60490000,0.61390000,0.60280000,0.61390000,20280.00000000,XRPAUD
0.61360000,0.63470000,0.60910000,0.62770000,48373.00000000,XRPAUD
0.62510000,0.62580000,0.61310000,0.61800000,24332.00000000,XRPAUD
0.61830000,0.62100000,0.61250000,0.62020000,40964.00000000,XRPAUD
0.62080000,0.62510000,0.62030000,0.62270000,5855.00000000,XRPAUD
0.62280000,0.62280000,0.60090000,0.61010000,21077.00000000,XRPAUD
0.61050000,0.61640000,0.60850000,0.61530000,6454.00000000,XRPAUD
0.61610000,0.63630000,0.60930000,0.63310000,40790.00000000,XRPAUD
0.63040000,0.63740000,0.63040000,0.63740000,3223.00000000,XRPAUD
0.63740000,0.64040000,0.63310000,0.63360000,2594.00000000,XRPAUD
0.63240000,0.63290000,0.62160000,0.62380000,31072.00000000,XRPAUD
0.62110000,0.62560000,0.60720000,0.62560000,21870.00000000,XRPAUD
0.62790000,0.63060000,0.62530000,0.62780000,6437.00000000,XRPAUD
0.62790000,0.62830000,0.62310000,0.62470000,11785.00000000,XRPAUD
0.62420000,0.62720000,0.61670000,0.62460000,22802.00000000,XRPAUD
0.62510000,0.63470000,0.62440000,0.62780000,14628.00000000,XRPAUD
0.62760000,0.62970000,0.62560000,0.62970000,18013.00000000,XRPAUD
0.62940000,0.63070000,0.61560000,0.61560000,7277.00000000,XRPAUD
0.61630000,0.61830000,0.61520000,0.61800000,15294.00000000,XRPAUD
0.61850000,0.61960000,0.60600000,0.60810000,24139.00000000,XRPAUD
0.60920000,0.61090000,0.58600000,0.60150000,286553.00000000,XRPAUD
0.60280000,0.60470000,0.60130000,0.60430000,18354.00000000,XRPAUD
0.60540000,0.62510000,0.60340000,0.61670000,34286.00000000,XRPAUD
0.61650000,0.62030000,0.61470000,0.61860000,3985.00000000,XRPAUD
0.61980000,0.62260000,0.61300000,0.61300000,20247.00000000,XRPAUD
0.61610000,0.61610000,0.60740000,0.61000000,13376.00000000,XRPAUD
0.61000000,0.61030000,0.60430000,0.60590000,8750.00000000,XRPAUD
0.60690000,0.60990000,0.60570000,0.60990000,2270.00000000,XRPAUD
0.60990000,0.61120000,0.60330000,0.60330000,7109.00000000,XRPAUD
0.60340000,0.60450000,0.59740000,0.60060000,137510.00000000,XRPAUD
0.60090000,0.60090000,0.59960000,0.59960000,4519.00000000,XRPAUD
0.60120000,0.60460000,0.60120000,0.60460000,473.00000000,XRPAUD
0.60730000,0.60960000,0.60570000,0.60810000,5788.00000000,XRPAUD
0.60750000,0.60760000,0.60590000,0.60610000,8552.00000000,XRPAUD
0.60670000,0.60690000,0.60540000,0.60650000,1273.00000000,XRPAUD
0.60780000,0.60860000,0.60710000,0.60860000,4987.00000000,XRPAUD
0.60890000,0.60910000,0.60590000,0.60670000,6107.00000000,XRPAUD
0.60630000,0.60930000,0.60430000,0.60930000,5244.00000000,XRPAUD
0.60740000,0.60870000,0.59490000,0.59610000,26459.00000000,XRPAUD
0.59500000,0.59500000,0.59110000,0.59240000,14959.00000000,XRPAUD
0.59280000,0.59380000,0.58960000,0.59090000,58312.00000000,XRPAUD
0.59180000,0.69000000,0.58900000,0.59000000,110245.00000000,XRPAUD
0.58980000,0.59130000,0.57830000,0.57940000,36410.00000000,XRPAUD
0.58030000,0.58040000,0.57500000,0.57640000,48032.00000000,XRPAUD
0.57600000,0.57800000,0.56400000,0.57720000,17147.00000000,XRPAUD
0.57990000,0.63000000,0.57990000,0.60910000,24206.00000000,XRPAUD
0.60870000,0.60870000,0.59220000,0.59280000,4666.00000000,XRPAUD
0.58900000,0.62740000,0.58240000,0.62330000,21887.00000000,XRPAUD
0.62180000,0.62790000,0.60330000,0.60870000,110495.00000000,XRPAUD
0.60720000,0.60870000,0.59520000,0.59520000,26388.00000000,XRPAUD
2.09300000,2.09700000,2.09100000,2.09500000,2399.00000000,XRPBRL
2.09500000,2.09900000,2.09200000,2.09900000,2210.00000000,XRPBRL
2.10100000,2.10200000,2.09500000,2.09600000,935.00000000,XRPBRL
2.09500000,2.09500000,2.08600000,2.09000000,3852.00000000,XRPBRL
2.09400000,2.10000000,2.09100000,2.09900000,5182.00000000,XRPBRL
2.09600000,2.09600000,2.08000000,2.08000000,12492.00000000,XRPBRL
2.08100000,2.08700000,2.08000000,2.08600000,2426.00000000,XRPBRL
2.08400000,2.08500000,2.07400000,2.07500000,1320.00000000,XRPBRL
2.07700000,2.08100000,2.07300000,2.08000000,1395.00000000,XRPBRL
2.08100000,2.08800000,2.06700000,2.08500000,6581.00000000,XRPBRL
2.08600000,2.09000000,2.07600000,2.07600000,15485.00000000,XRPBRL
2.07800000,2.08700000,2.07100000,2.08400000,10648.00000000,XRPBRL
2.08700000,2.09300000,2.08700000,2.08900000,5423.00000000,XRPBRL
2.09200000,2.10200000,2.08700000,2.10200000,14796.00000000,XRPBRL
2.10100000,2.10200000,2.09700000,2.10000000,3580.00000000,XRPBRL
2.10400000,2.10800000,2.10000000,2.10500000,7341.00000000,XRPBRL
2.10900000,2.11500000,2.10500000,2.10800000,5893.00000000,XRPBRL
2.10700000,2.11500000,2.10400000,2.11500000,18125.00000000,XRPBRL
2.11500000,2.18300000,2.11100000,2.16500000,31258.00000000,XRPBRL
2.16500000,2.18300000,2.15300000,2.17200000,10577.00000000,XRPBRL
2.17000000,2.20700000,2.16300000,2.20000000,14542.00000000,XRPBRL
2.20600000,2.23500000,2.19100000,2.22100000,24630.00000000,XRPBRL
2.22300000,2.29100000,2.22300000,2.28500000,23992.00000000,XRPBRL
2.28900000,2.29300000,2.26000000,2.26100000,12197.00000000,XRPBRL
2.26500000,2.28700000,2.26200000,2.28600000,14019.00000000,XRPBRL
2.28400000,2.29100000,2.27800000,2.27900000,3497.00000000,XRPBRL
2.27400000,2.27400000,2.26100000,2.26100000,1266.00000000,XRPBRL
2.25200000,2.26100000,2.23000000,2.23000000,5337.00000000,XRPBRL
2.22800000,2.23800000,2.22800000,2.22800000,1611.00000000,XRPBRL
2.21900000,2.23200000,2.21500000,2.21500000,6739.00000000,XRPBRL
2.20900000,2.22400000,2.20500000,2.22300000,11273.00000000,XRPBRL
2.21100000,2.21800000,2.20700000,2.21600000,9471.00000000,XRPBRL
2.21600000,2.22700000,2.20900000,2.21200000,25774.00000000,XRPBRL
2.22500000,2.24100000,2.21800000,2.22500000,47931.00000000,XRPBRL
2.22500000,2.23100000,2.21700000,2.22200000,16137.00000000,XRPBRL
2.21900000,2.22000000,2.18600000,2.19800000,4157.00000000,XRPBRL
2.19600000,2.19600000,2.17900000,2.19200000,7963.00000000,XRPBRL
2.19100000,2.19100000,2.18300000,2.18800000,5890.00000000,XRPBRL
2.18700000,2.20000000,2.18600000,2.20000000,10144.00000000,XRPBRL
2.20200000,2.22200000,2.19800000,2.22200000,11231.00000000,XRPBRL
2.22500000,2.24100000,2.22500000,2.22500000,8984.00000000,XRPBRL
2.22900000,2.23300000,2.21900000,2.22600000,15622.00000000,XRPBRL
2.22700000,2.22700000,2.21600000,2.21800000,4723.00000000,XRPBRL
2.22000000,2.22900000,2.21800000,2.22300000,4266.00000000,XRPBRL
2.22100000,2.23200000,2.22100000,2.22800000,7100.00000000,XRPBRL
2.22600000,2.23000000,2.20800000,2.20900000,34249.00000000,XRPBRL
2.20900000,2.21300000,2.20200000,2.20400000,6114.00000000,XRPBRL
2.21100000,2.22200000,2.21000000,2.22200000,2252.00000000,XRPBRL
2.22400000,2.22600000,2.22200000,2.22500000,1263.00000000,XRPBRL
2.22500000,2.23000000,2.22300000,2.23000000,1401.00000000,XRPBRL
2.22800000,2.23500000,2.22800000,2.22900000,4527.00000000,XRPBRL
2.22600000,2.22600000,2.21200000,2.21200000,40.00000000,XRPBRL
2.22700000,2.22700000,2.22100000,2.22100000,117.00000000,XRPBRL
2.22100000,2.22100000,2.21300000,2.21300000,578.00000000,XRPBRL
2.21500000,2.22200000,2.21300000,2.22200000,1549.00000000,XRPBRL
2.22400000,2.34200000,2.22200000,2.33600000,114148.00000000,XRPBRL
2.33800000,2.35000000,2.31300000,2.31300000,37467.00000000,XRPBRL
2.32100000,2.34200000,2.32000000,2.33400000,18493.00000000,XRPBRL
2.33800000,2.33800000,2.32100000,2.32500000,9821.00000000,XRPBRL
2.32300000,2.32500000,2.30800000,2.31500000,7180.00000000,XRPBRL
2.31600000,2.31600000,2.29500000,2.30000000,8986.00000000,XRPBRL
2.29900000,2.31500000,2.29300000,2.30800000,10133.00000000,XRPBRL
2.31000000,2.31100000,2.25000000,2.25500000,15718.00000000,XRPBRL
2.25500000,2.26600000,2.24800000,2.26600000,20596.00000000,XRPBRL
2.26200000,2.29000000,2.26200000,2.28600000,7812.00000000,XRPBRL
2.28800000,2.31300000,2.28400000,2.31000000,38583.00000000,XRPBRL
2.30300000,2.32500000,2.30300000,2.31100000,15431.00000000,XRPBRL
2.31400000,2.32200000,2.30900000,2.30900000,16834.00000000,XRPBRL
2.31000000,2.31000000,2.29800000,2.29800000,3957.00000000,XRPBRL
2.30000000,2.31600000,2.29900000,2.31600000,2848.00000000,XRPBRL
2.31800000,2.31800000,2.28700000,2.30300000,3600.00000000,XRPBRL
2.30200000,2.33500000,2.30200000,2.32400000,25502.00000000,XRPBRL
2.31800000,2.33100000,2.31500000,2.33000000,10127.00000000,XRPBRL
2.33300000,2.34000000,2.32100000,2.33500000,6880.00000000,XRPBRL
2.33500000,2.33500000,2.32300000,2.32600000,4828.00000000,XRPBRL
2.32800000,2.32900000,2.31600000,2.31700000,2066.00000000,XRPBRL
2.31000000,2.31000000,2.30000000,2.30000000,3919.00000000,XRPBRL
2.29700000,2.31100000,2.29600000,2.31000000,986.00000000,XRPBRL
2.31600000,2.32300000,2.31300000,2.32000000,19924.00000000,XRPBRL
2.31900000,2.32200000,2.31200000,2.32200000,7194.00000000,XRPBRL
2.32500000,2.33100000,2.31500000,2.31600000,13832.00000000,XRPBRL
2.31800000,2.32700000,2.31300000,2.32700000,11854.00000000,XRPBRL
2.32700000,2.33400000,2.32500000,2.32900000,14680.00000000,XRPBRL
2.33000000,2.37600000,2.31900000,2.36500000,49649.00000000,XRPBRL
2.36700000,2.38300000,2.31400000,2.33700000,80076.00000000,XRPBRL
2.33600000,2.35600000,2.33100000,2.34700000,17447.00000000,XRPBRL
2.34000000,2.35500000,2.33000000,2.35200000,8276.00000000,XRPBRL
2.35400000,2.35900000,2.34500000,2.34800000,4721.00000000,XRPBRL
2.34800000,2.35300000,2.33000000,2.33900000,10956.00000000,XRPBRL
2.34000000,2.34700000,2.33600000,2.33700000,5730.00000000,XRPBRL
2.33700000,2.35400000,2.33700000,2.35400000,7210.00000000,XRPBRL
2.34900000,2.35300000,2.34400000,2.34800000,2838.00000000,XRPBRL
2.34800000,2.34900000,2.33900000,2.34400000,24922.00000000,XRPBRL
2.34400000,2.34700000,2.32700000,2.33300000,4412.00000000,XRPBRL
2.32900000,2.33700000,2.32900000,2.33100000,6775.00000000,XRPBRL
2.33400000,2.33500000,2.32800000,2.33000000,3376.00000000,XRPBRL
2.32900000,2.33500000,2.32600000,2.32600000,5289.00000000,XRPBRL
2.32600000,2.33000000,2.32100000,2.32700000,4053.00000000,XRPBRL
2.32700000,2.33200000,2.32500000,2.33100000,4026.00000000,XRPBRL
2.33400000,2.33400000,2.32500000,2.33100000,8045.00000000,XRPBRL
2.33200000,2.33700000,2.33000000,2.33600000,3488.00000000,XRPBRL
2.33500000,2.33700000,2.33400000,2.33500000,1863.00000000,XRPBRL
2.33400000,2.33400000,2.32800000,2.33000000,3557.00000000,XRPBRL
2.33000000,2.33900000,2.33000000,2.33900000,4266.00000000,XRPBRL
2.33700000,2.35100000,2.33700000,2.34300000,12807.00000000,XRPBRL
2.34400000,2.35100000,2.34300000,2.34800000,18796.00000000,XRPBRL
2.34900000,2.34900000,2.33900000,2.34300000,8358.00000000,XRPBRL
2.34700000,2.35000000,2.34300000,2.34700000,20527.00000000,XRPBRL
2.34900000,2.35000000,2.34000000,2.34100000,3041.00000000,XRPBRL
2.34200000,2.34300000,2.33700000,2.33700000,6347.00000000,XRPBRL
2.33900000,2.35300000,2.33300000,2.35100000,6440.00000000,XRPBRL
2.34700000,2.35100000,2.34000000,2.34600000,8737.00000000,XRPBRL
2.34600000,2.34800000,2.33800000,2.34600000,10212.00000000,XRPBRL
2.34700000,2.35400000,2.34500000,2.34500000,7922.00000000,XRPBRL
2.34500000,2.34800000,2.34100000,2.34300000,5395.00000000,XRPBRL
2.34500000,2.36000000,2.34500000,2.35400000,14744.00000000,XRPBRL
2.35300000,2.35400000,2.34500000,2.34500000,5683.00000000,XRPBRL
2.34600000,2.35100000,2.34000000,2.34900000,10062.00000000,XRPBRL
2.34900000,2.34900000,2.34400000,2.34400000,2292.00000000,XRPBRL
2.34400000,2.34700000,2.34200000,2.34500000,6377.00000000,XRPBRL
2.34500000,2.34500000,2.34000000,2.34000000,4777.00000000,XRPBRL
2.34000000,2.34000000,2.33700000,2.34000000,3826.00000000,XRPBRL
2.34100000,2.34600000,2.34100000,2.34600000,2508.00000000,XRPBRL
2.34800000,2.35000000,2.34600000,2.35000000,1373.00000000,XRPBRL
2.35000000,2.35000000,2.34500000,2.34500000,1006.00000000,XRPBRL
2.34600000,2.34700000,2.34500000,2.34700000,212.00000000,XRPBRL
2.34300000,2.35000000,2.34300000,2.34800000,3324.00000000,XRPBRL
2.34900000,2.35000000,2.33200000,2.34000000,4246.00000000,XRPBRL
2.34000000,2.34000000,2.32700000,2.33600000,3214.00000000,XRPBRL
2.33200000,2.33800000,2.33000000,2.33500000,4278.00000000,XRPBRL
2.33100000,2.34000000,2.32900000,2.34000000,50746.00000000,XRPBRL
2.33900000,2.34100000,2.33200000,2.33200000,5013.00000000,XRPBRL
2.33400000,2.33500000,2.29400000,2.30800000,15286.00000000,XRPBRL
2.30000000,2.30500000,2.29400000,2.29400000,11406.00000000,XRPBRL
2.29400000,2.30400000,2.28600000,2.29500000,7285.00000000,XRPBRL
2.29800000,2.30200000,2.29500000,2.30200000,3970.00000000,XRPBRL
2.30100000,2.30400000,2.29800000,2.30400000,1819.00000000,XRPBRL
2.30400000,2.32600000,2.30200000,2.30600000,10562.00000000,XRPBRL
2.31300000,2.31400000,2.29500000,2.30900000,7959.00000000,XRPBRL
2.30600000,2.31000000,2.30200000,2.30600000,6098.00000000,XRPBRL
2.30600000,2.31000000,2.29200000,2.29200000,3039.00000000,XRPBRL
2.30500000,2.30900000,2.26600000,2.27900000,20058.00000000,XRPBRL
2.27800000,2.28400000,2.26900000,2.27900000,4391.00000000,XRPBRL
2.27700000,2.30300000,2.27700000,2.30300000,4596.00000000,XRPBRL
2.30400000,2.30600000,2.29100000,2.29300000,2468.00000000,XRPBRL
2.29100000,2.30500000,2.29100000,2.30200000,927.00000000,XRPBRL
2.30900000,2.33400000,2.30900000,2.33200000,2353.00000000,XRPBRL
2.32900000,2.34500000,2.31700000,2.32200000,8285.00000000,XRPBRL
2.32000000,2.32300000,2.31000000,2.31600000,4269.00000000,XRPBRL
2.31600000,2.31600000,2.30500000,2.30600000,1702.00000000,XRPBRL
2.31100000,2.31400000,2.31100000,2.31400000,6907.00000000,XRPBRL
2.31000000,2.32000000,2.30700000,2.31800000,8834.00000000,XRPBRL
2.31600000,2.32200000,2.31200000,2.32000000,2723.00000000,XRPBRL
2.31800000,2.32300000,2.30500000,2.30900000,21574.00000000,XRPBRL
2.30800000,2.31700000,2.30500000,2.30500000,8030.00000000,XRPBRL
2.30600000,2.31000000,2.28800000,2.29200000,5458.00000000,XRPBRL
2.29500000,2.29500000,2.27600000,2.28100000,6276.00000000,XRPBRL
2.28200000,2.28800000,2.27500000,2.28000000,12623.00000000,XRPBRL
2.28200000,2.28200000,2.26500000,2.28200000,19462.00000000,XRPBRL
2.28400000,2.29500000,2.28400000,2.29500000,5828.00000000,XRPBRL
2.29100000,2.30700000,2.29100000,2.30600000,9494.00000000,XRPBRL
2.30600000,2.30800000,2.30100000,2.30400000,10415.00000000,XRPBRL
2.30600000,2.31100000,2.30300000,2.30600000,10487.00000000,XRPBRL
2.30500000,2.30800000,2.30100000,2.30700000,7222.00000000,XRPBRL
2.30700000,2.31200000,2.30100000,2.30800000,8349.00000000,XRPBRL
2.30700000,2.31700000,2.30300000,2.31600000,8845.00000000,XRPBRL
2.30500000,2.31200000,2.30100000,2.30600000,4521.00000000,XRPBRL
2.30600000,2.31200000,2.30400000,2.30400000,1649.00000000,XRPBRL
2.31700000,2.32800000,2.31400000,2.32400000,1317.00000000,XRPBRL
2.31900000,2.32800000,2.31800000,2.32300000,1477.00000000,XRPBRL
2.32500000,2.33000000,2.32500000,2.32700000,2930.00000000,XRPBRL
2.33300000,2.33300000,2.31000000,2.31000000,1753.00000000,XRPBRL
2.31100000,2.31200000,2.31000000,2.31100000,1967.00000000,XRPBRL
2.30600000,2.30600000,2.29600000,2.29700000,4032.00000000,XRPBRL
2.30300000,2.30900000,2.29700000,2.30700000,2496.00000000,XRPBRL
2.30300000,2.30400000,2.30100000,2.30400000,343.00000000,XRPBRL
2.30200000,2.30500000,2.29800000,2.29800000,1916.00000000,XRPBRL
2.30000000,2.31500000,2.30000000,2.30800000,91832.00000000,XRPBRL
2.30600000,2.30600000,2.29700000,2.29700000,3094.00000000,XRPBRL
2.30100000,2.30500000,2.29600000,2.29800000,7535.00000000,XRPBRL
2.30300000,2.30300000,2.29600000,2.29800000,10305.00000000,XRPBRL
2.29700000,2.29900000,2.29200000,2.29200000,8376.00000000,XRPBRL
2.29400000,2.29800000,2.28900000,2.29400000,11879.00000000,XRPBRL
2.29400000,2.30300000,2.29200000,2.30300000,4657.00000000,XRPBRL
2.29900000,2.31300000,2.29900000,2.31200000,8601.00000000,XRPBRL
2.31400000,2.32500000,2.31200000,2.32000000,8190.00000000,XRPBRL
2.31900000,2.32500000,2.31500000,2.32100000,11264.00000000,XRPBRL
2.32100000,2.33000000,2.32100000,2.32600000,7192.00000000,XRPBRL
2.32500000,2.32700000,2.32000000,2.32500000,1283.00000000,XRPBRL
2.32300000,2.32300000,2.30500000,2.31600000,4364.00000000,XRPBRL
2.31100000,2.31100000,2.30400000,2.30600000,5284.00000000,XRPBRL
2.31300000,2.31600000,2.30700000,2.31000000,10166.00000000,XRPBRL
2.31000000,2.31300000,2.27900000,2.29000000,17490.00000000,XRPBRL
2.28600000,2.30000000,2.28600000,2.30000000,1246.00000000,XRPBRL
2.30000000,2.30000000,2.30000000,2.30000000,0.00000000,XRPBRL
2.29700000,2.29700000,2.28500000,2.28500000,1740.00000000,XRPBRL
2.29600000,2.29900000,2.28800000,2.28800000,2948.00000000,XRPBRL
2.28700000,2.28700000,2.27000000,2.27300000,15486.00000000,XRPBRL
2.27600000,2.27800000,2.27200000,2.27300000,8595.00000000,XRPBRL
2.27500000,2.27700000,2.27300000,2.27700000,25887.00000000,XRPBRL
2.27600000,2.28400000,2.27200000,2.28400000,3949.00000000,XRPBRL
2.28400000,2.28400000,2.26200000,2.26200000,5789.00000000,XRPBRL
2.26400000,2.26800000,2.22900000,2.24900000,21697.00000000,XRPBRL
2.24200000,2.25300000,2.23300000,2.25200000,15362.00000000,XRPBRL
2.24900000,2.24900000,2.23800000,2.24300000,10696.00000000,XRPBRL
2.24100000,2.24300000,2.22200000,2.23500000,8195.00000000,XRPBRL
2.23900000,2.24700000,2.23800000,2.24200000,5072.00000000,XRPBRL
2.24200000,2.25000000,2.24000000,2.24800000,2429.00000000,XRPBRL
2.24700000,2.26300000,2.24700000,2.25300000,19192.00000000,XRPBRL
2.25600000,2.26400000,2.25600000,2.26300000,3387.00000000,XRPBRL
2.26300000,2.26500000,2.25400000,2.25500000,5468.00000000,XRPBRL
2.26000000,2.26600000,2.25700000,2.26400000,17467.00000000,XRPBRL
2.26800000,2.26800000,2.26000000,2.26300000,2027.00000000,XRPBRL
2.26000000,2.26300000,2.24000000,2.24000000,5680.00000000,XRPBRL
2.23900000,2.24300000,2.21500000,2.24000000,20156.00000000,XRPBRL
2.24000000,2.25700000,2.24000000,2.25500000,3928.00000000,XRPBRL
2.25400000,2.26200000,2.25200000,2.26200000,793.00000000,XRPBRL
2.26100000,2.26500000,2.25700000,2.25700000,4708.00000000,XRPBRL
2.25900000,2.26700000,2.25900000,2.26200000,2686.00000000,XRPBRL
2.25500000,2.25500000,2.25300000,2.25300000,468.00000000,XRPBRL
2.24700000,2.24700000,2.24400000,2.24400000,252.00000000,XRPBRL
2.24000000,2.24200000,2.23200000,2.23200000,22312.00000000,XRPBRL
2.23700000,2.24400000,2.23600000,2.24200000,7114.00000000,XRPBRL
2.23800000,2.24300000,2.23800000,2.23900000,4966.00000000,XRPBRL
2.24300000,2.25100000,2.24200000,2.24900000,9308.00000000,XRPBRL
2.25500000,2.26800000,2.25500000,2.26300000,16564.00000000,XRPBRL
2.25900000,2.26300000,2.25200000,2.25700000,16256.00000000,XRPBRL
2.26100000,2.26700000,2.25500000,2.26500000,13248.00000000,XRPBRL
2.26600000,2.26700000,2.25900000,2.26100000,6589.00000000,XRPBRL
2.25800000,2.26000000,2.24800000,2.25600000,6198.00000000,XRPBRL
2.25700000,2.26400000,2.24800000,2.26200000,16089.00000000,XRPBRL
2.25900000,2.26800000,2.25500000,2.26700000,9461.00000000,XRPBRL
2.27100000,2.28800000,2.27100000,2.28500000,10366.00000000,XRPBRL
2.28500000,2.28700000,2.28200000,2.28700000,1561.00000000,XRPBRL
2.28600000,2.28600000,2.27800000,2.28300000,9703.00000000,XRPBRL
2.28100000,2.29100000,2.27800000,2.29100000,17625.00000000,XRPBRL
2.28800000,2.29200000,2.28200000,2.28300000,13736.00000000,XRPBRL
2.28600000,2.31400000,2.27500000,2.31400000,26568.00000000,XRPBRL
2.31400000,2.35000000,2.31000000,2.33400000,33238.00000000,XRPBRL
2.33000000,2.33000000,2.31800000,2.32500000,19361.00000000,XRPBRL
2.32500000,2.34700000,2.32300000,2.33800000,12607.00000000,XRPBRL
2.33100000,2.34200000,2.33100000,2.33800000,17248.00000000,XRPBRL
2.34200000,2.34200000,2.32300000,2.32600000,4134.00000000,XRPBRL
2.33200000,2.33200000,2.32000000,2.32200000,2871.00000000,XRPBRL
2.32600000,2.32600000,2.32100000,2.32200000,2816.00000000,XRPBRL
2.32200000,2.33500000,2.32200000,2.33300000,2494.00000000,XRPBRL
2.33300000,2.34100000,2.33200000,2.33900000,4377.00000000,XRPBRL
2.33000000,2.33100000,2.32900000,2.32900000,12579.00000000,XRPBRL
2.33600000,2.35200000,2.33600000,2.34500000,30492.00000000,XRPBRL
2.34600000,2.35100000,2.33900000,2.33900000,7597.00000000,XRPBRL
6287.00,6294.00,6287.00,6293.00,915.70000000,XRPBIDR
6293.00,6304.00,6283.00,6304.00,580.70000000,XRPBIDR
6312.00,6313.00,6292.00,6292.00,951.00000000,XRPBIDR
6292.00,6305.00,6268.00,6305.00,3535.40000000,XRPBIDR
6300.00,6326.00,6300.00,6324.00,4909.00000000,XRPBIDR
6317.00,6317.00,6256.00,6256.00,3561.20000000,XRPBIDR
6253.00,6284.00,6253.00,6276.00,8285.80000000,XRPBIDR
6276.00,6276.00,6243.00,6250.00,2402.60000000,XRPBIDR
6251.00,6257.00,6232.00,6255.00,42936.60000000,XRPBIDR
6256.00,6270.00,6202.00,6221.00,8809.80000000,XRPBIDR
6249.00,6268.00,6239.00,6239.00,5598.40000000,XRPBIDR
6244.00,6259.00,6225.00,6259.00,6652.40000000,XRPBIDR
6258.00,6266.00,6258.00,6266.00,2964.40000000,XRPBIDR
6266.00,6274.00,6253.00,6261.00,4751.90000000,XRPBIDR
6257.00,6271.00,6257.00,6271.00,203.70000000,XRPBIDR
6273.00,6283.00,6273.00,6283.00,2140.00000000,XRPBIDR
6298.00,6299.00,6275.00,6275.00,30245.80000000,XRPBIDR
6277.00,6307.00,6277.00,6306.00,2948.30000000,XRPBIDR
6306.00,6485.00,6306.00,6452.00,21679.30000000,XRPBIDR
6439.00,6500.00,6412.00,6470.00,20758.30000000,XRPBIDR
6475.00,6560.00,6454.00,6560.00,22462.80000000,XRPBIDR
6580.00,6663.00,6537.00,6630.00,25258.40000000,XRPBIDR
6636.00,6838.00,6636.00,6834.00,22152.10000000,XRPBIDR
6821.00,6853.00,6742.00,6756.00,23475.20000000,XRPBIDR
6755.00,6837.00,6754.00,6830.00,5458.90000000,XRPBIDR
6830.00,6842.00,6787.00,6801.00,24279.30000000,XRPBIDR
6809.00,6809.00,6751.00,6751.00,7450.90000000,XRPBIDR
6738.00,6738.00,6639.00,6639.00,14179.50000000,XRPBIDR
6639.00,6677.00,6632.00,6675.00,10465.60000000,XRPBIDR
6674.00,6674.00,6602.00,6602.00,17837.60000000,XRPBIDR
6586.00,6639.00,6550.00,6630.00,22611.90000000,XRPBIDR
6618.00,6618.00,6579.00,6604.00,7239.40000000,XRPBIDR
6626.00,6645.00,6594.00,6620.00,6681.40000000,XRPBIDR
6639.00,6688.00,6627.00,6643.00,51733.40000000,XRPBIDR
6643.00,6656.00,6621.00,6621.00,2602.40000000,XRPBIDR
6600.00,6600.00,6522.00,6552.00,6073.30000000,XRPBIDR
6528.00,6559.00,6521.00,6559.00,2806.40000000,XRPBIDR
6536.00,6553.00,6523.00,6539.00,1806.80000000,XRPBIDR
6561.00,6581.00,6556.00,6581.00,1225.40000000,XRPBIDR
6598.00,6640.00,6598.00,6640.00,5683.40000000,XRPBIDR
6664.00,6700.00,6662.00,6685.00,6146.80000000,XRPBIDR
6651.00,6655.00,6646.00,6647.00,3525.70000000,XRPBIDR
6637.00,6649.00,6611.00,6641.00,2377.80000000,XRPBIDR
6639.00,6665.00,6639.00,6665.00,5015.30000000,XRPBIDR
6667.00,6673.00,6667.00,6673.00,3024.50000000,XRPBIDR
6659.00,6659.00,6635.00,6643.00,1566.20000000,XRPBIDR
6619.00,6622.00,6584.00,6585.00,7225.60000000,XRPBIDR
6620.00,6658.00,6614.00,6640.00,2698.40000000,XRPBIDR
6644.00,6659.00,6643.00,6649.00,20999.60000000,XRPBIDR
6659.00,6667.00,6639.00,6667.00,3411.80000000,XRPBIDR
6667.00,6675.00,6647.00,6663.00,2418.70000000,XRPBIDR
6667.00,6667.00,6601.00,6601.00,4124.00000000,XRPBIDR
6615.00,6665.00,6615.00,6665.00,6543.00000000,XRPBIDR
6669.00,6670.00,6614.00,6615.00,2007.10000000,XRPBIDR
6614.00,6640.00,6613.00,6626.00,10417.50000000,XRPBIDR
6657.00,7000.00,6657.00,6970.00,124370.20000000,XRPBIDR
6973.00,7022.00,6941.00,6942.00,23670.20000000,XRPBIDR
6942.00,6981.00,6937.00,6943.00,6860.20000000,XRPBIDR
6956.00,6956.00,6923.00,6932.00,1516.80000000,XRPBIDR
6930.00,6930.00,6878.00,6879.00,12423.50000000,XRPBIDR
6892.00,6892.00,6841.00,6848.00,9256.00000000,XRPBIDR
6848.00,6886.00,6838.00,6873.00,2959.60000000,XRPBIDR
6882.00,6882.00,6696.00,6728.00,8476.50000000,XRPBIDR
6717.00,6739.00,6705.00,6733.00,27387.80000000,XRPBIDR
6754.00,6812.00,6754.00,6812.00,3130.00000000,XRPBIDR
6807.00,6855.00,6788.00,6855.00,30361.90000000,XRPBIDR
6856.00,6927.00,6856.00,6881.00,4625.70000000,XRPBIDR
6922.00,6922.00,6879.00,6882.00,2616.00000000,XRPBIDR
6877.00,6877.00,6850.00,6854.00,1154.50000000,XRPBIDR
6864.00,6892.00,6860.00,6892.00,3796.70000000,XRPBIDR
6889.00,6889.00,6810.00,6849.00,4754.00000000,XRPBIDR
6871.00,6966.00,6862.00,6930.00,6219.70000000,XRPBIDR
6918.00,6955.00,6907.00,6954.00,10752.80000000,XRPBIDR
6940.00,6980.00,6922.00,6963.00,8228.40000000,XRPBIDR
6969.00,6969.00,6944.00,6944.00,7804.80000000,XRPBIDR
6945.00,6951.00,6882.00,6891.00,15456.60000000,XRPBIDR
6895.00,6902.00,6853.00,6857.00,6008.60000000,XRPBIDR
6857.00,6900.00,6849.00,6886.00,1855.40000000,XRPBIDR
6899.00,6932.00,6899.00,6925.00,22282.80000000,XRPBIDR
6920.00,6920.00,6891.00,6910.00,7359.10000000,XRPBIDR
6936.00,6949.00,6909.00,6909.00,9224.40000000,XRPBIDR
6915.00,6938.00,6912.00,6935.00,5246.10000000,XRPBIDR
6930.00,6930.00,6915.00,6923.00,356.10000000,XRPBIDR
6923.00,7063.00,6901.00,7040.00,53630.80000000,XRPBIDR
7044.00,7091.00,6882.00,6949.00,60267.90000000,XRPBIDR
6943.00,7005.00,6943.00,6980.00,3177.40000000,XRPBIDR
6971.00,6988.00,6957.00,6988.00,1008.80000000,XRPBIDR
7000.00,7000.00,6961.00,6975.00,3671.60000000,XRPBIDR
6975.00,6975.00,6921.00,6948.00,2966.40000000,XRPBIDR
6945.00,6956.00,6945.00,6956.00,589.90000000,XRPBIDR
6956.00,6978.00,6956.00,6978.00,4683.10000000,XRPBIDR
6968.00,6994.00,6968.00,6986.00,223.70000000,XRPBIDR
6987.00,6987.00,6968.00,6982.00,677.90000000,XRPBIDR
6972.00,6972.00,6931.00,6931.00,5706.10000000,XRPBIDR
6937.00,6937.00,6937.00,6937.00,458.30000000,XRPBIDR
6936.00,6952.00,6936.00,6946.00,1569.20000000,XRPBIDR
6946.00,6949.00,6928.00,6928.00,1358.90000000,XRPBIDR
6920.00,6927.00,6900.00,6924.00,3736.40000000,XRPBIDR
6921.00,6930.00,6921.00,6928.00,8730.00000000,XRPBIDR
6930.00,6932.00,6913.00,6922.00,2741.80000000,XRPBIDR
6926.00,6947.00,6925.00,6938.00,2646.80000000,XRPBIDR
6938.00,6938.00,6933.00,6938.00,78.90000000,XRPBIDR
6938.00,6938.00,6929.00,6929.00,30.80000000,XRPBIDR
6928.00,6937.00,6928.00,6936.00,1424.30000000,XRPBIDR
6964.00,7000.00,6964.00,6976.00,3280.00000000,XRPBIDR
6983.00,6994.00,6967.00,6978.00,2472.30000000,XRPBIDR
6978.00,6978.00,6953.00,6970.00,1524.80000000,XRPBIDR
6976.00,6988.00,6976.00,6983.00,62615.10000000,XRPBIDR
6982.00,6982.00,6967.00,6970.00,13845.60000000,XRPBIDR
6969.00,6971.00,6950.00,6950.00,2434.00000000,XRPBIDR
6954.00,7003.00,6954.00,7003.00,3734.00000000,XRPBIDR
6969.00,6995.00,6969.00,6986.00,2525.20000000,XRPBIDR
6969.00,6973.00,6959.00,6973.00,1367.70000000,XRPBIDR
6984.00,6988.00,6980.00,6980.00,631.70000000,XRPBIDR
6974.00,6984.00,6974.00,6983.00,1765.20000000,XRPBIDR
6996.00,7039.00,6995.00,7010.00,7196.60000000,XRPBIDR
7015.00,7015.00,6988.00,6990.00,2101.30000000,XRPBIDR
6984.00,7017.00,6984.00,7016.00,4186.70000000,XRPBIDR
7009.00,7010.00,7001.00,7001.00,740.70000000,XRPBIDR
7001.00,7010.00,7000.00,7000.00,3060.60000000,XRPBIDR
7000.00,7000.00,6986.00,6989.00,460.00000000,XRPBIDR
6989.00,7002.00,6987.00,6990.00,261.00000000,XRPBIDR
6995.00,7016.00,6995.00,7014.00,1242.60000000,XRPBIDR
7014.00,7030.00,7004.00,7022.00,1233.70000000,XRPBIDR
7018.00,7018.00,7001.00,7006.00,732.50000000,XRPBIDR
7006.00,7006.00,6995.00,7000.00,4041.40000000,XRPBIDR
7000.00,7011.00,6991.00,7011.00,1142.60000000,XRPBIDR
7012.00,7012.00,6963.00,6970.00,5839.70000000,XRPBIDR
6970.00,6970.00,6933.00,6970.00,2281.50000000,XRPBIDR
6959.00,6969.00,6950.00,6950.00,1187.70000000,XRPBIDR
6960.00,6970.00,6947.00,6970.00,3425.40000000,XRPBIDR
6960.00,6967.00,6946.00,6946.00,2809.70000000,XRPBIDR
6946.00,6955.00,6825.00,6863.00,17086.30000000,XRPBIDR
6863.00,6863.00,6821.00,6830.00,1711.30000000,XRPBIDR
6841.00,6854.00,6799.00,6801.00,9659.60000000,XRPBIDR
6827.00,6850.00,6818.00,6850.00,8001.60000000,XRPBIDR
6839.00,6839.00,6839.00,6839.00,14.00000000,XRPBIDR
6864.00,6910.00,6864.00,6910.00,4092.20000000,XRPBIDR
6839.00,6856.00,6818.00,6856.00,8740.60000000,XRPBIDR
6859.00,6859.00,6842.00,6842.00,1100.00000000,XRPBIDR
6849.00,6849.00,6814.00,6814.00,5541.00000000,XRPBIDR
6826.00,6826.00,6730.00,6761.00,16032.50000000,XRPBIDR
6757.00,6772.00,6752.00,6770.00,1171.60000000,XRPBIDR
6822.00,6832.00,6809.00,6832.00,10510.30000000,XRPBIDR
6832.00,6838.00,6832.00,6838.00,411.10000000,XRPBIDR
6818.00,6821.00,6783.00,6821.00,7594.80000000,XRPBIDR
6845.00,6938.00,6845.00,6904.00,25148.00000000,XRPBIDR
6920.00,6958.00,6873.00,6873.00,8130.60000000,XRPBIDR
6868.00,6888.00,6858.00,6888.00,20209.50000000,XRPBIDR
6878.00,6910.00,6823.00,6830.00,73926.50000000,XRPBIDR
6856.00,6877.00,6840.00,6875.00,32802.80000000,XRPBIDR
6875.00,6882.00,6856.00,6880.00,4290.70000000,XRPBIDR
6882.00,6901.00,6861.00,6901.00,902.20000000,XRPBIDR
6863.00,6866.00,6861.00,6861.00,1749.30000000,XRPBIDR
6861.00,6901.00,6855.00,6872.00,1256.70000000,XRPBIDR
6840.00,6844.00,6830.00,6830.00,1030.80000000,XRPBIDR
6824.00,6824.00,6800.00,6800.00,634.40000000,XRPBIDR
6804.00,6809.00,6794.00,6797.00,4412.00000000,XRPBIDR
6796.00,6798.00,6750.00,6787.00,2395.10000000,XRPBIDR
6807.00,6837.00,6807.00,6837.00,149.00000000,XRPBIDR
6837.00,6837.00,6837.00,6837.00,0.00000000,XRPBIDR
6864.00,6870.00,6864.00,6870.00,637.10000000,XRPBIDR
6872.00,6872.00,6872.00,6872.00,16.40000000,XRPBIDR
6866.00,6866.00,6866.00,6866.00,321.10000000,XRPBIDR
6859.00,6859.00,6859.00,6859.00,30.00000000,XRPBIDR
6874.00,6895.00,6871.00,6895.00,7432.50000000,XRPBIDR
6874.00,6912.00,6860.00,6869.00,20526.30000000,XRPBIDR
6864.00,6888.00,6864.00,6881.00,17649.60000000,XRPBIDR
6869.00,6925.00,6867.00,6920.00,3090.90000000,XRPBIDR
6909.00,6913.00,6891.00,6896.00,2838.30000000,XRPBIDR
6911.00,6943.00,6911.00,6943.00,8499.40000000,XRPBIDR
6934.00,6934.00,6858.00,6875.00,1017.90000000,XRPBIDR
6880.00,6880.00,6865.00,6880.00,2800.10000000,XRPBIDR
6875.00,6875.00,6840.00,6868.00,9513.70000000,XRPBIDR
6851.00,6868.00,6841.00,6859.00,2087.70000000,XRPBIDR
6862.00,6862.00,6853.00,6859.00,3042.40000000,XRPBIDR
6854.00,6860.00,6844.00,6860.00,1280.20000000,XRPBIDR
6850.00,6859.00,6850.00,6859.00,352.10000000,XRPBIDR
6861.00,6861.00,6843.00,6844.00,1455.40000000,XRPBIDR
6853.00,6875.00,6853.00,6867.00,837.20000000,XRPBIDR
6867.00,6867.00,6861.00,6861.00,167.90000000,XRPBIDR
6850.00,6862.00,6831.00,6839.00,844.80000000,XRPBIDR
6839.00,6839.00,6839.00,6839.00,14.30000000,XRPBIDR
6839.00,6856.00,6839.00,6856.00,42.20000000,XRPBIDR
6838.00,6892.00,6836.00,6892.00,2680.80000000,XRPBIDR
6925.00,6925.00,6910.00,6910.00,3506.90000000,XRPBIDR
6907.00,6922.00,6896.00,6896.00,7969.30000000,XRPBIDR
6900.00,6900.00,6900.00,6900.00,45.80000000,XRPBIDR
6913.00,6930.00,6913.00,6930.00,1122.50000000,XRPBIDR
6923.00,6923.00,6884.00,6884.00,1655.50000000,XRPBIDR
6871.00,6874.00,6852.00,6859.00,5265.40000000,XRPBIDR
6884.00,6893.00,6881.00,6890.00,769.20000000,XRPBIDR
6890.00,6890.00,6778.00,6809.00,19872.10000000,XRPBIDR
6813.00,6835.00,6813.00,6835.00,2201.10000000,XRPBIDR
6838.00,6840.00,6827.00,6831.00,2137.90000000,XRPBIDR
6833.00,6853.00,6800.00,6800.00,4109.20000000,XRPBIDR
6817.00,6848.00,6817.00,6831.00,1548.10000000,XRPBIDR
6810.00,6810.00,6750.00,6769.00,4153.90000000,XRPBIDR
6768.00,6790.00,6768.00,6790.00,2365.50000000,XRPBIDR
6785.00,6785.00,6766.00,6772.00,773.90000000,XRPBIDR
6772.00,6788.00,6772.00,6788.00,4091.90000000,XRPBIDR
6807.00,6817.00,6776.00,6784.00,41480.50000000,XRPBIDR
6776.00,6787.00,6655.00,6707.00,15238.50000000,XRPBIDR
6676.00,6735.00,6676.00,6715.00,42936.30000000,XRPBIDR
6700.00,6701.00,6689.00,6696.00,2394.50000000,XRPBIDR
6696.00,6706.00,6662.00,6667.00,3087.70000000,XRPBIDR
6697.00,6728.00,6697.00,6728.00,514.60000000,XRPBIDR
6736.00,6736.00,6691.00,6717.00,423.70000000,XRPBIDR
6736.00,6766.00,6736.00,6741.00,10099.20000000,XRPBIDR
6765.00,6777.00,6765.00,6777.00,107.00000000,XRPBIDR
6768.00,6768.00,6752.00,6752.00,731.80000000,XRPBIDR
6752.00,6760.00,6746.00,6760.00,2909.00000000,XRPBIDR
6773.00,6773.00,6760.00,6760.00,3869.40000000,XRPBIDR
6760.00,6760.00,6700.00,6700.00,326.60000000,XRPBIDR
6700.00,6700.00,6619.00,6690.00,7141.30000000,XRPBIDR
6746.00,6746.00,6739.00,6739.00,2050.80000000,XRPBIDR
6746.00,6759.00,6738.00,6759.00,16457.10000000,XRPBIDR
6766.00,6768.00,6764.00,6768.00,1489.40000000,XRPBIDR
6770.00,6771.00,6770.00,6771.00,8.00000000,XRPBIDR
6777.00,6777.00,6729.00,6738.00,4710.20000000,XRPBIDR
6731.00,6731.00,6709.00,6715.00,1031.80000000,XRPBIDR
6740.00,6740.00,6688.00,6688.00,4236.40000000,XRPBIDR
6697.00,6722.00,6697.00,6713.00,4692.50000000,XRPBIDR
6710.00,6714.00,6705.00,6714.00,902.90000000,XRPBIDR
6718.00,6718.00,6718.00,6718.00,46.50000000,XRPBIDR
6765.00,6794.00,6750.00,6750.00,574.20000000,XRPBIDR
6743.00,6743.00,6710.00,6727.00,1922.90000000,XRPBIDR
6735.00,6735.00,6731.00,6731.00,257.90000000,XRPBIDR
6728.00,6746.00,6690.00,6695.00,50891.70000000,XRPBIDR
6695.00,6715.00,6688.00,6688.00,1425.80000000,XRPBIDR
6694.00,6702.00,6670.00,6701.00,2513.60000000,XRPBIDR
6705.00,6718.00,6705.00,6710.00,79.90000000,XRPBIDR
6728.00,6776.00,6728.00,6766.00,1975.00000000,XRPBIDR
6763.00,6763.00,6743.00,6755.00,924.10000000,XRPBIDR
6763.00,6763.00,6755.00,6756.00,1296.20000000,XRPBIDR
6785.00,6785.00,6780.00,6780.00,718.80000000,XRPBIDR
6790.00,6790.00,6785.00,6785.00,848.00000000,XRPBIDR
6769.00,6850.00,6769.00,6850.00,3938.40000000,XRPBIDR
6856.00,6989.00,6856.00,6911.00,23530.80000000,XRPBIDR
6890.00,6910.00,6876.00,6897.00,1594.70000000,XRPBIDR
6912.00,6957.00,6906.00,6940.00,9737.50000000,XRPBIDR
6929.00,6950.00,6929.00,6936.00,2629.60000000,XRPBIDR
6950.00,6954.00,6906.00,6906.00,1600.80000000,XRPBIDR
6906.00,6914.00,6881.00,6881.00,205.10000000,XRPBIDR
6875.00,6901.00,6875.00,6889.00,42042.30000000,XRPBIDR
6889.00,6927.00,6889.00,6922.00,12821.00000000,XRPBIDR
6923.00,6950.00,6923.00,6950.00,4276.70000000,XRPBIDR
6929.00,6937.00,6914.00,6937.00,31306.30000000,XRPBIDR
6943.00,6987.00,6943.00,6968.00,7708.80000000,XRPBIDR
6970.00,7000.00,6936.00,6944.00,15411.30000000,XRPBIDR
