open,high,low,close,volume,name,avg
18.64,18.73,18.64,18.68,152.038,MLNBUSD,2838.235039273665
18.64,18.84,18.57,18.84,107.334,MLNBUSD,2009.0691960422184
18.78,18.78,18.78,18.78,0.803,MLNBUSD,15.076650745622402
18.61,18.61,18.61,18.61,0.803,MLNBUSD,14.9401741414288
18.6,18.64,18.57,18.64,4.019,MLNBUSD,74.78533753812201
18.58,18.59,18.58,18.59,3.27,MLNBUSD,60.758082505512
18.59,18.59,18.5,18.58,38.77,MLNBUSD,719.5889666781679
18.51,18.6,18.51,18.59,53.598,MLNBUSD,994.1336306364072
18.49,18.49,18.02,18.36,146.825,MLNBUSD,2692.1117406248795
18.4,18.47,18.4,18.47,12.934,MLNBUSD,238.37995845673436
18.48,18.48,18.48,18.48,1.036,MLNBUSD,19.1405962987008
18.39,18.39,18.39,18.39,0.822,MLNBUSD,15.112881879868798
18.39,18.39,18.29,18.29,15.593,MLNBUSD,285.9056589243232
18.29,18.29,18.24,18.24,2.197,MLNBUSD,40.118388035928795
18.16,18.16,18.16,18.16,16.243,MLNBUSD,294.9007178346368
18.17,18.17,18.16,18.16,11.529,MLNBUSD,209.37305144291759
18.22,18.22,18.22,18.22,0.771,MLNBUSD,14.0441833902432
18.22,18.26,18.16,18.26,34.62,MLNBUSD,630.7951445143201
18.32,18.43,18.31,18.41,78.827,MLNBUSD,1447.5007192717594
18.55,18.64,18.52,18.52,31.549,MLNBUSD,585.3273379803667
18.6,18.6,18.47,18.53,135.233,MLNBUSD,2507.958452909224
18.6,18.82,18.56,18.78,225.18,MLNBUSD,4207.584604622112
18.79,18.94,18.63,18.88,251.838,MLNBUSD,4735.9139025151
18.88,18.88,18.78,18.78,9.114,MLNBUSD,171.57463571008321
18.65,18.65,18.6,18.62,76.778,MLNBUSD,1430.0242132703904
18.65,18.65,18.65,18.65,1.004,MLNBUSD,18.720019213856
18.8,18.81,18.8,18.81,2.329,MLNBUSD,43.786130539839206
18.65,18.67,18.65,18.67,1.616,MLNBUSD,30.147182988441603
18.63,18.63,18.54,18.58,40.558,MLNBUSD,753.9915083809135
18.58,18.58,18.51,18.51,120.027,MLNBUSD,2225.3561706490827
18.52,18.52,18.52,18.52,64.63,MLNBUSD,1196.654778739136
18.52,18.52,18.46,18.51,43.564,MLNBUSD,805.8457196624976
18.56,18.56,18.54,18.54,7.267,MLNBUSD,134.76987183077597
18.46,18.46,18.46,18.46,14.142,MLNBUSD,260.99745395867524
18.65,18.74,18.65,18.74,15.761,MLNBUSD,294.5798113604072
18.74,18.74,18.72,18.72,69.535,MLNBUSD,1302.0719331758476
18.67,18.67,18.67,18.67,1.0,MLNBUSD,18.6654325712
18.67,18.67,18.59,18.59,20.347,MLNBUSD,378.97187563380965
18.51,18.51,18.48,18.48,1.359,MLNBUSD,25.1285560457688
18.44,18.44,18.43,18.43,9.816,MLNBUSD,180.91369044466563
18.35,18.35,18.11,18.19,191.348,MLNBUSD,3491.24669241136
18.23,18.23,18.23,18.23,0.83,MLNBUSD,15.127198376624
18.29,18.29,18.23,18.23,1.375,MLNBUSD,25.1013577012
18.19,18.19,18.17,18.17,62.135,MLNBUSD,1129.337951157648
18.22,18.22,18.13,18.13,43.9,MLNBUSD,797.6873060251999
18.13,18.15,18.09,18.15,6.246,MLNBUSD,113.21227697129281
18.19,18.2,18.19,18.2,4.822,MLNBUSD,87.71482619401439
18.2,18.26,18.2,18.26,2.727,MLNBUSD,49.7010481603056
18.33,18.51,18.3,18.51,23.632,MLNBUSD,435.01775121571205
18.52,18.58,18.52,18.58,5.655,MLNBUSD,104.87458720283999
18.58,18.76,18.58,18.7,161.271,MLNBUSD,3007.7745029900566
18.67,18.67,18.61,18.62,53.851,MLNBUSD,1003.6716691796789
18.62,18.73,18.62,18.65,85.875,MLNBUSD,1601.6062121787
18.7,18.71,18.7,18.71,2.146,MLNBUSD,40.1311099228848
18.71,18.71,18.71,18.71,0.537,MLNBUSD,10.044812035867201
18.5,18.53,18.5,18.53,5.817,MLNBUSD,107.6754068426568
18.65,18.65,18.65,18.65,12.328,MLNBUSD,229.860953056192
18.67,18.68,18.65,18.67,28.934,MLNBUSD,539.9933087111352
18.65,18.75,18.65,18.7,26.161,MLNBUSD,488.76408699469
18.69,18.69,18.66,18.67,32.74,MLNBUSD,611.3517523097361
18.7,18.7,18.67,18.67,1.845,MLNBUSD,34.465391323452
18.68,18.68,18.54,18.59,13.475,MLNBUSD,250.87679798180997
18.53,18.56,18.47,18.49,54.093,MLNBUSD,1001.151680820486
18.58,18.58,18.58,18.58,0.55,MLNBUSD,10.21650002384
18.49,18.49,18.18,18.18,44.713,MLNBUSD,819.6122959831528
18.11,18.11,18.11,18.11,1.0,MLNBUSD,18.1055695696
18.29,18.29,18.29,18.29,0.55,MLNBUSD,10.05703904392
18.26,18.26,18.2,18.22,9.228,MLNBUSD,168.23141379602876
18.26,18.4,18.26,18.4,1.658,MLNBUSD,30.383705111510395
18.47,18.47,18.44,18.44,1.721,MLNBUSD,31.753284975504798
18.44,18.44,18.44,18.44,1.084,MLNBUSD,19.984069900825602
18.31,18.34,18.31,18.34,13.677,MLNBUSD,250.56971062604399
18.34,18.36,18.25,18.25,3.649,MLNBUSD,66.760363748112
18.31,18.36,18.27,18.27,30.882,MLNBUSD,565.0795301161847
18.19,18.65,18.19,18.65,88.788,MLNBUSD,1635.0748574057857
18.59,18.63,18.52,18.52,8.837,MLNBUSD,164.01876962948077
18.69,18.75,18.58,18.61,67.945,MLNBUSD,1267.3737113259938
18.68,18.68,18.68,18.68,41.758,MLNBUSD,779.8486111513984
18.62,18.85,18.6,18.63,125.37,MLNBUSD,2340.71197809876
18.76,18.76,18.56,18.56,82.493,MLNBUSD,1538.9428009068768
18.6,18.69,18.55,18.67,53.403,MLNBUSD,994.5210233414651
18.59,18.59,18.55,18.55,12.308,MLNBUSD,228.5036451892416
18.56,18.6,18.54,18.6,65.505,MLNBUSD,1216.4577079650599
18.55,18.55,18.55,18.55,123.387,MLNBUSD,2288.2689109101357
18.63,18.65,18.63,18.65,5.0,MLNBUSD,93.177199552
18.54,18.54,18.54,18.54,1.563,MLNBUSD,28.970930817187195
18.58,18.65,18.58,18.65,5.886,MLNBUSD,109.54108531139039
18.65,18.65,18.65,18.65,9.295,MLNBUSD,173.30934122787997
18.63,18.63,18.59,18.59,5.35,MLNBUSD,99.53914278535999
18.72,18.73,18.72,18.73,12.855,MLNBUSD,240.65098773618004
18.7,18.71,18.7,18.71,7.373,MLNBUSD,137.87822621688238
18.73,18.78,18.73,18.78,4.926,MLNBUSD,92.3645284125168
18.82,18.82,18.79,18.79,3.819,MLNBUSD,71.7987258615912
18.82,18.86,18.78,18.86,37.625,MLNBUSD,708.3054277586
18.82,18.82,18.82,18.82,3.994,MLNBUSD,75.1486911255488
18.85,18.85,18.85,18.85,0.611,MLNBUSD,11.514532395496
18.69,18.69,18.69,18.69,4.886,MLNBUSD,91.2969996366624
18.71,18.71,18.67,18.67,15.86,MLNBUSD,296.350882979424
18.76,19.0,18.73,18.73,131.212,MLNBUSD,2466.838025072298
18.66,18.66,18.62,18.62,10.213,MLNBUSD,190.3237478049152
18.63,18.63,18.63,18.63,21.174,MLNBUSD,394.37511646288317
18.63,18.63,18.62,18.62,56.726,MLNBUSD,1056.26328251908
18.54,18.54,18.52,18.52,11.064,MLNBUSD,204.96576490533116
18.52,18.52,18.5,18.5,34.032,MLNBUSD,629.7782133572351
18.47,18.47,18.39,18.42,32.099,MLNBUSD,591.6805283555499
18.47,18.47,18.47,18.47,1.358,MLNBUSD,25.076123875913602
18.5,18.51,18.47,18.5,10.37,MLNBUSD,191.74622972378398
18.5,18.5,18.5,18.5,8.48,MLNBUSD,156.8416208768
18.43,18.43,18.43,18.43,3.032,MLNBUSD,55.8660895755136
18.45,18.45,18.45,18.45,2.489,MLNBUSD,45.910815629687995
18.44,18.44,18.43,18.43,4.219,MLNBUSD,77.75823756989041
18.33,18.36,18.33,18.33,7.216,MLNBUSD,132.29102840342398
18.35,18.35,18.35,18.35,10.879,MLNBUSD,199.580812602424
18.47,18.48,18.47,18.48,12.198,MLNBUSD,225.30291840664802
18.49,18.55,18.49,18.5,47.616,MLNBUSD,881.0375302367231
18.32,18.32,18.14,18.14,75.146,MLNBUSD,1369.5764448310688
18.17,18.17,18.17,18.17,3.897,MLNBUSD,70.7911674110064
18.21,18.21,18.19,18.19,2.739,MLNBUSD,49.837604744927994
18.26,18.3,18.21,18.29,154.372,MLNBUSD,2818.9147919355487
18.28,18.29,18.28,18.29,12.042,MLNBUSD,220.1341032150192
18.37,18.37,18.37,18.37,0.882,MLNBUSD,16.1983762595424
18.37,18.58,18.1,18.4,222.673,MLNBUSD,4087.832670404054
18.4,18.4,18.33,18.33,3.175,MLNBUSD,58.29461031681999
18.33,18.33,18.33,18.33,1.546,MLNBUSD,28.331247347644798
18.18,18.33,18.18,18.24,25.363,MLNBUSD,462.31776840523554
18.25,18.25,18.25,18.25,1.0,MLNBUSD,18.24553532
18.25,18.25,18.25,18.25,2.456,MLNBUSD,44.811034745920004
18.27,18.43,18.26,18.36,256.348,MLNBUSD,4697.709311173383
18.38,18.46,18.38,18.45,8.577,MLNBUSD,157.92825247819562
18.45,18.48,18.45,18.48,3.65,MLNBUSD,67.38076193676
18.48,18.61,18.48,18.61,63.467,MLNBUSD,1176.7075748172103
18.62,18.62,18.49,18.49,6.199,MLNBUSD,114.99430590905519
18.59,18.6,18.56,18.56,8.961,MLNBUSD,166.4322515507844
18.46,18.47,18.46,18.47,7.665,MLNBUSD,141.49960006719598
18.49,18.49,18.49,18.49,2.198,MLNBUSD,40.6310775808672
18.45,18.49,18.42,18.49,4.981,MLNBUSD,91.939214986654
18.42,18.42,18.4,18.4,5.776,MLNBUSD,106.3101459218176
18.45,18.45,18.45,18.45,2.49,MLNBUSD,45.92926111608
18.49,18.49,18.47,18.47,57.871,MLNBUSD,1069.1944482645888
18.5,18.62,18.5,18.5,9.521,MLNBUSD,176.3809696008368
18.49,18.49,18.48,18.48,8.928,MLNBUSD,164.99370606266882
18.52,18.52,18.52,18.52,1.676,MLNBUSD,31.0319264918272
18.59,18.59,18.59,18.59,2.689,MLNBUSD,49.9762808109136
18.59,18.65,18.59,18.65,7.352,MLNBUSD,136.8607501931264
18.47,18.58,18.46,18.57,14.699,MLNBUSD,272.1588827585728
18.62,18.62,18.41,18.57,18.432,MLNBUSD,341.92209171087353
18.5,18.5,18.3,18.3,9.261,MLNBUSD,170.36071275686396
18.24,18.35,18.24,18.35,4.046,MLNBUSD,74.0034613631152
18.4,18.4,18.4,18.4,1.748,MLNBUSD,32.155331594752
18.39,18.39,18.26,18.34,80.437,MLNBUSD,1475.2557701146106
18.32,18.33,18.31,18.31,8.535,MLNBUSD,156.30161551603797
18.39,18.39,18.39,18.39,2.487,MLNBUSD,45.724741162084804
18.31,18.31,18.31,18.31,2.487,MLNBUSD,45.525829835659195
18.34,18.34,18.23,18.26,7.727,MLNBUSD,141.3115685784756
18.26,18.26,17.91,18.04,29.572,MLNBUSD,535.6396390535056
18.06,18.2,17.98,18.02,37.61,MLNBUSD,679.2584355536239
17.96,18.08,17.96,18.08,17.025,MLNBUSD,306.71544677207993
18.08,18.23,18.08,18.23,65.726,MLNBUSD,1192.9636119671409
18.16,18.26,18.16,18.26,5.136,MLNBUSD,93.5036796623616
18.22,18.22,18.21,18.21,2.4,MLNBUSD,43.70530531776
18.2,18.2,17.99,17.99,32.022,MLNBUSD,579.2963362656624
18.14,18.14,18.04,18.04,25.441,MLNBUSD,460.1150998979184
18.27,18.27,18.27,18.27,8.314,MLNBUSD,151.8596199717408
18.18,18.18,18.18,18.18,9.035,MLNBUSD,164.21611633876802
18.26,18.26,18.26,18.26,0.602,MLNBUSD,10.9898307899072
18.27,18.27,18.27,18.27,1.369,MLNBUSD,25.0055111548368
18.32,18.38,18.27,18.27,60.83,MLNBUSD,1113.524820628528
18.28,18.29,18.28,18.29,3.836,MLNBUSD,70.1241006421536
18.41,18.61,18.41,18.61,186.366,MLNUSDT,3448.7908448658172
18.61,18.73,18.59,18.59,316.486,MLNUSDT,5894.691926618231
18.6,18.9,18.58,18.86,1511.305,MLNUSDT,28307.373214278803
18.84,18.84,18.7,18.71,193.624,MLNUSDT,3633.917429972251
18.69,18.73,18.62,18.67,168.914,MLNUSDT,3154.119517055007
18.66,18.74,18.52,18.58,908.597,MLNUSDT,16918.479683135836
18.54,18.66,18.54,18.61,288.139,MLNUSDT,5354.473584258316
18.61,18.62,18.52,18.62,282.732,MLNUSDT,5255.408869906988
18.6,18.61,18.5,18.57,791.545,MLNUSDT,14695.395129897104
18.54,18.56,18.51,18.56,11.849,MLNUSDT,219.6563392167197
18.57,18.6,18.54,18.57,68.892,MLNUSDT,1279.0115044487316
18.57,18.58,18.52,18.52,175.255,MLNUSDT,3249.7469973938614
18.51,18.56,18.23,18.42,1299.586,MLNUSDT,23945.511235389193
18.42,18.48,18.42,18.45,266.4,MLNUSDT,4911.8802110119805
18.46,18.46,18.45,18.45,21.366,MLNUSDT,394.21307794586676
18.45,18.46,18.45,18.45,8.977,MLNUSDT,165.6075733200936
18.45,18.46,18.33,18.38,233.612,MLNUSDT,4298.577127784554
18.34,18.38,18.24,18.27,92.065,MLNUSDT,1685.0677022402574
18.24,18.37,18.23,18.24,198.226,MLNUSDT,3620.7031431098176
18.28,18.28,18.11,18.14,377.896,MLNUSDT,6876.969352948958
18.14,18.24,18.14,18.24,215.549,MLNUSDT,3919.877234230211
18.2,18.22,18.14,18.19,251.539,MLNUSDT,4573.746504634757
18.17,18.19,18.16,18.18,78.993,MLNUSDT,1435.3465889672568
18.18,18.27,18.18,18.22,54.979,MLNUSDT,1001.060108274777
18.22,18.32,18.15,18.31,517.625,MLNUSDT,9444.345503414688
18.31,18.55,18.29,18.49,413.36,MLNUSDT,7608.096128271465
18.49,18.62,18.49,18.52,321.354,MLNUSDT,5953.233043372051
18.56,18.63,18.48,18.55,175.291,MLNUSDT,3251.728904980832
18.57,18.83,18.52,18.78,2326.992,MLNUSDT,43445.94568704249
18.79,18.97,18.67,18.84,4083.247,MLNUSDT,76817.70544613164
18.85,18.9,18.7,18.76,450.282,MLNUSDT,8464.356332216925
18.65,18.77,18.62,18.63,511.832,MLNUSDT,9552.286703457605
18.69,18.75,18.6,18.6,97.367,MLNUSDT,1816.4237958647059
18.64,18.75,18.63,18.71,61.508,MLNUSDT,1148.8421229716018
18.7,18.74,18.64,18.69,270.714,MLNUSDT,5059.083639771338
18.71,18.76,18.62,18.67,228.688,MLNUSDT,4273.133213143301
18.63,18.67,18.55,18.58,800.41,MLNUSDT,14889.985944391961
18.61,18.65,18.52,18.53,224.602,MLNUSDT,4171.523009096551
18.49,18.54,18.48,18.54,159.501,MLNUSDT,2952.0399873229703
18.54,18.59,18.48,18.54,205.491,MLNUSDT,3808.357622216809
18.57,18.61,18.52,18.61,164.552,MLNUSDT,3056.217015845164
18.59,18.61,18.53,18.59,68.003,MLNUSDT,1263.1866763070386
18.58,18.58,18.43,18.56,181.878,MLNUSDT,3370.7387068706103
18.62,18.71,18.57,18.71,85.619,MLNUSDT,1596.6177532758875
18.71,18.71,18.64,18.68,29.272,MLNUSDT,546.8135312160548
18.64,18.7,18.61,18.67,69.764,MLNUSDT,1301.1290729465939
18.63,18.7,18.62,18.69,43.244,MLNUSDT,806.7356561090857
18.68,18.69,18.51,18.51,231.333,MLNUSDT,4301.163102574496
18.51,18.51,18.4,18.5,38.992,MLNUSDT,720.3959008439424
18.45,18.49,18.35,18.35,210.656,MLNUSDT,3877.2283191338147
18.35,18.35,18.08,18.24,2057.273,MLNUSDT,37546.332159591584
18.24,18.37,18.21,18.35,114.195,MLNUSDT,2088.4010687265068
18.31,18.34,18.28,18.34,92.24,MLNUSDT,1689.1929054274178
18.33,18.33,18.14,18.23,603.011,MLNUSDT,11006.780305228138
18.22,18.28,18.2,18.2,106.147,MLNUSDT,1934.0558698429645
18.2,18.3,18.14,18.19,302.29,MLNUSDT,5502.598854970744
18.16,18.2,18.1,18.19,392.183,MLNUSDT,7121.281374663571
18.15,18.21,18.15,18.2,131.596,MLNUSDT,2391.5011617726027
18.21,18.33,18.2,18.33,62.211,MLNUSDT,1136.16145804797
18.35,18.49,18.31,18.49,96.842,MLNUSDT,1782.4251143169759
18.52,18.62,18.47,18.61,132.728,MLNUSDT,2462.1656223097357
18.56,18.75,18.51,18.68,446.093,MLNUSDT,8306.449787187405
18.68,18.75,18.61,18.67,160.221,MLNUSDT,2991.7957252925767
18.66,18.72,18.57,18.68,175.346,MLNUSDT,3270.717748983243
18.7,18.76,18.65,18.65,106.897,MLNUSDT,1997.4162224750726
18.68,18.75,18.66,18.72,86.011,MLNUSDT,1608.2272427838461
18.7,18.72,18.59,18.6,16.752,MLNUSDT,312.39024752540524
18.6,18.61,18.57,18.57,158.362,MLNUSDT,2942.833652335558
18.61,18.66,18.59,18.65,47.473,MLNUSDT,884.0869980679523
18.65,18.75,18.64,18.73,77.033,MLNUSDT,1439.587128934985
18.71,18.71,18.61,18.61,35.418,MLNUSDT,660.7382172803532
18.65,18.7,18.61,18.61,21.82,MLNUSDT,406.67984770319646
18.6,18.6,18.47,18.54,190.452,MLNUSDT,3532.496434631835
18.53,18.7,18.48,18.7,394.357,MLNUSDT,7334.231627157515
18.67,18.72,18.6,18.64,872.046,MLNUSDT,16266.21839180729
18.65,18.65,18.6,18.6,100.967,MLNUSDT,1880.0503833571713
18.62,18.77,18.61,18.74,525.972,MLNUSDT,9825.382845065958
18.69,18.76,18.66,18.66,28.983,MLNUSDT,541.6322064300061
18.71,18.77,18.59,18.59,362.123,MLNUSDT,6757.372469700285
18.66,18.7,18.52,18.6,135.106,MLNUSDT,2515.0583610513504
18.6,18.65,18.48,18.52,163.879,MLNUSDT,3041.2598329168477
18.58,18.6,18.51,18.52,128.918,MLNUSDT,2391.166148740191
18.54,18.55,18.5,18.55,15.172,MLNUSDT,281.14423248317786
18.54,18.54,18.12,18.12,343.16,MLNUSDT,6288.584173061893
18.17,18.19,18.06,18.18,214.189,MLNUSDT,3886.579421201086
18.2,18.33,18.18,18.3,78.213,MLNUSDT,1427.2335814755727
18.31,18.31,18.21,18.24,341.593,MLNUSDT,6238.523748838312
18.24,18.45,18.21,18.45,19.368,MLNUSDT,355.07382414117296
18.46,18.46,18.38,18.38,79.975,MLNUSDT,1472.7791553469049
18.43,18.43,18.36,18.37,162.04,MLNUSDT,2980.4016855705513
18.34,18.42,18.29,18.3,185.309,MLNUSDT,3397.27257733254
18.33,18.34,18.24,18.24,160.763,MLNUSDT,2939.234220507999
18.25,18.26,18.18,18.25,48.276,MLNUSDT,880.0975266713154
18.27,18.28,18.27,18.28,7.787,MLNUSDT,142.27261518077074
18.31,18.34,18.27,18.34,9.573,MLNUSDT,175.28660765222807
18.34,18.34,18.29,18.34,26.827,MLNUSDT,491.5515746506061
18.3,18.35,18.29,18.3,29.387,MLNUSDT,537.9443512369784
18.34,18.34,18.25,18.31,68.586,MLNUSDT,1255.5024763990673
18.25,18.67,18.21,18.58,815.362,MLNUSDT,15021.407969384996
18.65,18.67,18.47,18.61,902.319,MLNUSDT,16779.028077739025
18.62,18.64,18.55,18.55,99.608,MLNUSDT,1851.259772551561
18.61,18.74,18.59,18.64,121.897,MLNUSDT,2272.2136228367053
18.65,18.7,18.61,18.7,441.413,MLNUSDT,8236.958309656697
18.66,18.85,18.59,18.65,791.65,MLNUSDT,14790.340624597282
18.71,18.73,18.57,18.57,142.133,MLNUSDT,2649.421551429891
18.58,18.7,18.57,18.61,298.198,MLNUSDT,5549.597950709101
18.61,18.66,18.56,18.56,684.682,MLNUSDT,12730.258784509388
18.55,18.66,18.54,18.62,61.733,MLNUSDT,1147.4900462840005
18.66,18.66,18.55,18.63,134.79,MLNUSDT,2509.8496654621126
18.58,18.58,18.53,18.55,103.502,MLNUSDT,1920.5272248944766
18.6,18.63,18.55,18.6,98.298,MLNUSDT,1827.4041992910609
18.6,18.66,18.6,18.66,40.936,MLNUSDT,762.4511311970954
18.66,18.67,18.6,18.6,17.371,MLNUSDT,323.5859857658239
18.63,18.63,18.6,18.6,33.983,MLNUSDT,632.4388062929577
18.6,18.65,18.54,18.6,243.505,MLNUSDT,4527.476500509665
18.59,18.63,18.58,18.58,10.087,MLNUSDT,187.52188404900335
18.62,18.62,18.56,18.56,19.156,MLNUSDT,356.02293192311555
18.58,18.58,18.55,18.55,3.839,MLNUSDT,71.25360139212864
18.59,18.66,18.59,18.62,51.447,MLNUSDT,957.4516454507782
18.58,18.58,18.52,18.58,162.343,MLNUSDT,3013.1605654603645
18.54,18.56,18.5,18.54,12.938,MLNUSDT,239.74717109592368
18.5,18.62,18.5,18.62,72.52,MLNUSDT,1345.6419619847682
18.57,18.66,18.57,18.65,50.157,MLNUSDT,933.3188075285809
18.62,18.68,18.62,18.63,138.608,MLNUSDT,2582.674697372574
18.62,18.67,18.62,18.65,17.537,MLNUSDT,326.8097195153752
18.63,18.68,18.63,18.68,82.967,MLNUSDT,1547.3707900229354
18.68,18.68,18.58,18.62,225.508,MLNUSDT,4202.440909418558
18.65,18.78,18.57,18.63,2013.023,MLNUSDT,37548.78956583837
18.68,18.75,18.64,18.74,123.907,MLNUSDT,2316.8038154610226
18.71,18.83,18.7,18.81,246.742,MLNUSDT,4628.364353793867
18.78,18.85,18.78,18.79,75.215,MLNUSDT,1413.6961111863802
18.82,18.87,18.77,18.87,128.091,MLNUSDT,2411.683691216178
18.88,18.88,18.79,18.8,140.424,MLNUSDT,2644.5900485529687
18.79,18.79,18.69,18.69,209.719,MLNUSDT,3929.172709907583
18.74,18.74,18.69,18.72,84.951,MLNUSDT,1590.1060464942004
18.71,18.75,18.7,18.71,217.706,MLNUSDT,4073.915290762227
18.75,18.77,18.7,18.7,42.102,MLNUSDT,788.3775677797794
18.75,18.77,18.72,18.74,80.608,MLNUSDT,1510.6273550336143
18.72,18.77,18.7,18.76,53.455,MLNUSDT,1001.3680579287818
18.75,18.76,18.71,18.71,14.309,MLNUSDT,267.9777764179911
18.71,18.73,18.69,18.69,122.11,MLNUSDT,2283.508844236594
18.68,18.68,18.65,18.68,15.676,MLNUSDT,292.6385101799929
18.67,18.68,18.67,18.68,1.947,MLNUSDT,36.35133092536275
18.68,18.68,18.6,18.61,94.74,MLNUSDT,1765.7584221540253
18.64,18.64,18.62,18.62,30.369,MLNUSDT,565.6360759068933
18.65,18.66,18.6,18.63,63.817,MLNUSDT,1188.9388974998453
18.6,18.64,18.55,18.59,48.286,MLNUSDT,897.6585400208365
18.59,18.65,18.52,18.55,160.687,MLNUSDT,2984.432541841557
18.54,18.62,18.45,18.49,209.62,MLNUSDT,3882.2606278795947
18.49,18.49,18.38,18.4,278.04,MLNUSDT,5125.8034704404645
18.41,18.47,18.39,18.47,62.408,MLNUSDT,1150.2100582790772
18.49,18.5,18.46,18.47,189.365,MLNUSDT,3498.609195817428
18.5,18.53,18.48,18.51,170.596,MLNUSDT,3156.1067758327026
18.48,18.58,18.47,18.47,157.377,MLNUSDT,2910.7623242225554
18.47,18.57,18.46,18.46,458.706,MLNUSDT,8479.399286659538
18.46,18.49,18.34,18.41,485.889,MLNUSDT,8950.314952794757
18.33,18.59,18.33,18.41,607.211,MLNUSDT,11179.055387209895
18.43,18.55,18.43,18.47,103.881,MLNUSDT,1918.2127411788572
18.5,18.58,18.38,18.43,112.169,MLNUSDT,2071.5350103424594
18.43,18.44,18.3,18.31,114.617,MLNUSDT,2104.9992601495233
18.34,18.4,18.34,18.38,31.988,MLNUSDT,587.3159215023518
18.36,18.48,18.31,18.48,228.047,MLNUSDT,4196.748334719948
18.47,18.59,18.31,18.38,348.259,MLNUSDT,6419.45466549831
18.38,18.38,18.14,18.15,835.358,MLNUSDT,15251.99377199156
18.17,18.2,18.15,18.19,103.128,MLNUSDT,1874.150671838696
18.19,18.19,18.17,18.17,51.385,MLNUSDT,933.950790401427
18.17,18.28,18.15,18.27,160.755,MLNUSDT,2927.8378588540804
18.27,18.36,18.26,18.34,42.992,MLNUSDT,786.8835133298556
18.37,18.37,18.3,18.3,29.274,MLNUSDT,536.6074983245782
18.34,18.34,18.28,18.33,24.728,MLNUSDT,452.9679523996242
18.3,18.32,18.27,18.28,94.181,MLNUSDT,1722.384526938405
18.29,18.43,18.29,18.33,389.024,MLNUSDT,7131.0102967896655
18.34,18.34,18.3,18.31,220.228,MLNUSDT,4034.1404974548873
18.32,18.35,18.25,18.34,340.685,MLNUSDT,6238.119495246979
18.32,18.35,18.19,18.24,68.357,MLNUSDT,1248.918602274553
18.22,18.34,18.15,18.29,689.457,MLNUSDT,12579.512422598948
18.26,18.26,18.2,18.25,34.861,MLNUSDT,635.7962323320365
18.25,18.26,18.21,18.24,85.197,MLNUSDT,1553.6131577037793
18.22,18.25,18.19,18.25,43.368,MLNUSDT,790.2968581872858
18.23,18.24,18.2,18.24,68.133,MLNUSDT,1241.5904777456728
18.24,18.36,18.24,18.3,226.075,MLNUSDT,4132.77021073786
18.3,18.32,18.27,18.32,13.839,MLNUSDT,253.22634064954855
18.26,18.31,18.26,18.31,2.776,MLNUSDT,50.7467438018724
18.32,18.4,18.27,18.27,163.488,MLNUSDT,2993.5502885038604
18.31,18.34,18.27,18.33,122.955,MLNUSDT,2251.0626703370535
18.31,18.31,18.3,18.3,16.011,MLNUSDT,293.0096643697534
18.29,18.39,18.29,18.33,292.355,MLNUSDT,5356.094900071222
18.35,18.44,18.27,18.43,73.878,MLNUSDT,1356.9915400852117
18.47,18.47,18.45,18.46,9.166,MLNUSDT,169.18588031626226
18.45,18.65,18.45,18.63,219.327,MLNUSDT,4066.4242835858186
18.64,18.64,18.51,18.54,218.536,MLNUSDT,4059.9518721897366
18.54,18.59,18.53,18.57,14.743,MLNUSDT,273.5262988618442
18.62,18.62,18.49,18.54,69.908,MLNUSDT,1297.6992821129982
18.47,18.51,18.45,18.48,29.004,MLNUSDT,535.7903182639001
18.47,18.51,18.44,18.49,118.285,MLNUSDT,2185.0764651718864
18.5,18.52,18.39,18.48,144.829,MLNUSDT,2674.6992842308314
18.46,18.5,18.46,18.5,16.221,MLNUSDT,299.69075470839124
18.45,18.48,18.4,18.4,264.316,MLNUSDT,4870.81292893767
18.43,18.47,18.43,18.47,51.069,MLNUSDT,941.9925728197396
18.47,18.51,18.47,18.48,82.619,MLNUSDT,1526.632146643673
18.49,18.53,18.48,18.53,77.018,MLNUSDT,1425.0619653045726
18.51,18.6,18.51,18.54,215.964,MLNUSDT,4002.993148272098
18.55,18.59,18.5,18.58,147.197,MLNUSDT,2730.5722463016555
18.57,18.61,18.57,18.58,54.522,MLNUSDT,1012.9072371395503
18.6,18.6,18.51,18.51,24.336,MLNUSDT,451.4440252586473
18.55,18.59,18.51,18.54,67.816,MLNUSDT,1257.5095853200314
18.54,18.58,18.54,18.55,22.682,MLNUSDT,420.7048712028189
18.55,18.64,18.55,18.59,49.682,MLNUSDT,922.9899371917234
18.59,18.59,18.59,18.59,1.648,MLNUSDT,30.628826049764797
18.63,18.65,18.61,18.61,25.228,MLNUSDT,469.756564732385
18.65,18.65,18.54,18.54,201.621,MLNUSDT,3748.225417254298
18.55,18.55,18.52,18.52,24.922,MLNUSDT,461.81627748126533
18.61,18.64,18.54,18.55,126.271,MLNUSDT,2346.172497330074
18.57,18.62,18.22,18.28,194.706,MLNUSDT,3586.093875953976
18.27,18.37,18.24,18.37,168.246,MLNUSDT,3080.2512303975263
18.37,18.44,18.36,18.41,63.132,MLNUSDT,1161.0290711928246
18.38,18.38,18.25,18.27,243.848,MLNUSDT,4466.2026148819905
18.28,18.34,18.28,18.3,36.936,MLNUSDT,675.763461056232
18.3,18.36,18.27,18.28,63.508,MLNUSDT,1162.0708463018664
18.28,18.48,18.28,18.38,265.186,MLNUSDT,4866.298393508371
18.41,18.41,18.33,18.38,51.616,MLNUSDT,948.5990264197369
18.37,18.39,18.27,18.31,116.893,MLNUSDT,2142.708898737955
18.32,18.37,18.22,18.23,261.245,MLNUSDT,4775.696356095157
18.27,18.29,17.92,18.0,346.507,MLNUSDT,6277.171005519868
18.06,18.09,17.91,18.03,388.483,MLNUSDT,6999.722246517061
17.98,18.16,17.95,18.1,380.198,MLNUSDT,6859.944983298902
18.14,18.15,18.08,18.14,49.442,MLNUSDT,896.0406208768684
18.13,18.16,18.1,18.1,232.213,MLNUSDT,4207.250705106574
18.11,18.17,18.11,18.11,129.8,MLNUSDT,2352.0495243987502
18.11,18.19,18.06,18.15,236.325,MLNUSDT,4282.933532800573
18.12,18.26,18.11,18.18,123.287,MLNUSDT,2239.268690968201
18.23,18.25,18.2,18.21,36.128,MLNUSDT,658.1814428459674
18.21,18.24,18.18,18.18,65.325,MLNUSDT,1188.7874520539795
18.19,18.27,18.18,18.26,69.785,MLNUSDT,1271.520522266209
18.24,18.27,18.23,18.24,205.276,MLNUSDT,3744.3444917997413
18.24,18.25,18.01,18.08,212.306,MLNUSDT,3851.3500607633746
18.07,18.08,18.06,18.07,10.017,MLNUSDT,180.96291383125407
18.11,18.15,18.07,18.1,59.993,MLNUSDT,1086.0575219704292
18.11,18.23,18.11,18.18,72.838,MLNUSDT,1322.232474580509
18.19,18.27,18.19,18.24,44.999,MLNUSDT,819.7936986997809
18.27,18.32,18.22,18.23,57.971,MLNUSDT,1058.2915279719793
18.23,18.23,18.15,18.15,25.874,MLNUSDT,470.53293477804334
18.15,18.21,18.13,18.14,43.164,MLNUSDT,783.5586168317786
18.18,18.19,18.13,18.19,78.408,MLNUSDT,1424.5208427009582
18.19,18.24,18.19,18.21,33.508,MLNUSDT,609.9476741948451
18.21,18.34,18.21,18.31,186.371,MLNUSDT,3403.699459868162
18.32,18.35,18.25,18.25,194.993,MLNUSDT,3566.036950778824
18.28,18.28,18.22,18.22,13.013,MLNUSDT,237.4291582437775
18.26,18.27,18.24,18.27,18.5,MLNUSDT,337.72736829589996
18.25,18.25,18.17,18.21,57.545,MLNUSDT,1048.213433777761
