open,high,low,close,volume,name,avg
13.54,13.57,13.54,13.57,21.04,NMRBUSD,285.15251815467605
13.58,13.59,13.55,13.55,28.48,NMRBUSD,386.341862335992
13.5,13.5,13.48,13.48,109.51,NMRBUSD,1477.0584529913672
13.53,13.6,13.53,13.6,52.58,NMRBUSD,713.1359554828409
13.69,13.69,13.69,13.69,1.5,NMRBUSD,20.53178278155
13.69,13.7,13.69,13.7,12.44,NMRBUSD,170.339108790114
13.69,13.69,13.58,13.61,225.84,NMRBUSD,3080.539496251926
13.62,13.69,13.62,13.69,25.71,NMRBUSD,351.0150478552665
13.7,13.7,13.64,13.64,18.52,NMRBUSD,253.128736106772
13.64,13.64,13.64,13.64,3.73,NMRBUSD,50.869229069076006
13.58,13.62,13.58,13.62,102.93,NMRBUSD,1399.62868581384
13.57,13.59,13.57,13.59,14.71,NMRBUSD,199.73050331879406
13.59,13.64,13.5,13.5,19.34,NMRBUSD,262.16097080482655
13.6,13.61,13.55,13.55,25.18,NMRBUSD,341.8278874332285
13.54,13.54,13.54,13.54,7.91,NMRBUSD,107.084620423662
13.55,13.59,13.45,13.45,265.9,NMRBUSD,3591.7461929489705
13.44,13.49,13.44,13.49,21.04,NMRBUSD,283.25921482498796
13.51,13.6,13.51,13.6,558.67,NMRBUSD,7571.58542383426
13.61,13.65,13.61,13.61,21.06,NMRBUSD,286.79226121587595
13.64,13.64,13.64,13.64,1.84,NMRBUSD,25.093667959008005
13.59,13.66,13.59,13.66,13.11,NMRBUSD,178.5957650170875
13.67,13.78,13.67,13.74,103.04,NMRBUSD,1412.972194958688
13.74,13.74,13.74,13.74,3.97,NMRBUSD,54.539253996174004
13.74,13.74,13.7,13.74,76.69,NMRBUSD,1052.788733743821
13.72,13.72,13.7,13.7,2.95,NMRBUSD,40.438163560185004
13.64,13.65,13.61,13.61,20.52,NMRBUSD,279.592489380879
13.58,13.58,13.58,13.58,1.5,NMRBUSD,20.366808632100003
13.58,13.58,13.53,13.53,107.51,NMRBUSD,1457.0697351145066
13.54,13.54,13.48,13.48,34.41,NMRBUSD,464.806267391403
13.47,13.53,13.45,13.51,92.59,NMRBUSD,1248.843413044203
13.49,13.49,13.42,13.42,18.03,NMRBUSD,242.55564285285453
13.44,13.48,13.44,13.48,21.66,NMRBUSD,291.497923864188
13.49,13.49,13.48,13.48,13.3,NMRBUSD,179.32240115716502
13.49,13.52,13.43,13.5,105.17,NMRBUSD,1417.9952578721084
13.48,13.48,13.48,13.48,10.52,NMRBUSD,141.78738268996798
13.53,13.53,13.53,13.53,3.14,NMRBUSD,42.477544000386004
13.58,13.61,13.54,13.61,31.88,NMRBUSD,433.02194782103396
13.64,13.7,13.64,13.68,25.34,NMRBUSD,346.21684970676307
13.71,13.82,13.71,13.81,111.88,NMRBUSD,1539.5072676025052
13.81,13.82,13.71,13.75,58.6,NMRBUSD,806.9420565781052
13.77,13.77,13.77,13.77,3.67,NMRBUSD,50.527982540547
13.8,13.83,13.8,13.83,21.9,NMRBUSD,302.501099726505
13.83,13.86,13.83,13.86,6.89,NMRBUSD,95.37710492752649
13.86,13.9,13.86,13.9,306.24,NMRBUSD,4249.945256743295
13.89,13.9,13.87,13.87,53.34,NMRBUSD,740.3765370321914
13.9,13.92,13.89,13.92,14.16,NMRBUSD,196.899346945566
13.91,14.04,13.91,14.03,747.63,NMRBUSD,10444.623559418382
14.04,14.06,13.98,13.98,128.34,NMRBUSD,1798.4033000053832
13.98,13.98,13.95,13.95,49.11,NMRBUSD,685.7137024004295
14.04,14.21,14.01,14.11,259.24,NMRBUSD,3652.767331269201
14.17,14.35,14.14,14.32,552.01,NMRBUSD,7862.150493871558
14.33,14.33,14.2,14.21,82.27,NMRBUSD,1173.6033277554593
14.17,14.17,14.14,14.14,8.51,NMRBUSD,120.44017768063651
14.09,14.09,14.04,14.04,156.65,NMRBUSD,2202.937061769893
14.01,14.05,13.95,13.95,39.36,NMRBUSD,550.5601302285121
13.92,13.94,13.91,13.94,79.91,NMRBUSD,1112.772159667928
13.88,13.89,13.82,13.82,27.49,NMRBUSD,380.7455642453993
13.87,13.87,13.8,13.8,42.21,NMRBUSD,583.8838585819155
13.79,13.79,13.79,13.79,35.42,NMRBUSD,488.365275823194
13.78,13.78,13.51,13.51,108.2,NMRBUSD,1476.1576941353699
13.57,13.64,13.53,13.62,110.01,NMRBUSD,1494.8016727255472
13.62,13.7,13.62,13.7,36.33,NMRBUSD,496.190049723774
13.66,13.66,13.66,13.66,4.53,NMRBUSD,61.870105291734006
13.73,13.8,13.73,13.77,68.87,NMRBUSD,947.3305834611534
13.82,13.83,13.82,13.82,27.84,NMRBUSD,384.75811050127203
13.81,13.81,13.81,13.81,21.04,NMRBUSD,290.51687758879206
13.77,13.77,13.77,13.77,2.4,NMRBUSD,33.042822369839996
13.68,13.69,13.67,13.67,14.66,NMRBUSD,200.4807357614595
13.66,13.68,13.66,13.68,21.03,NMRBUSD,287.435060492733
13.73,13.79,13.68,13.79,116.67,NMRBUSD,1603.6695387243474
13.82,13.83,13.75,13.75,65.52,NMRBUSD,903.21547105881
13.8,13.84,13.78,13.83,74.97,NMRBUSD,1035.3608895920063
13.86,13.86,13.72,13.73,70.66,NMRBUSD,974.4253628569065
13.81,13.88,13.81,13.88,17.02,NMRBUSD,235.604981983527
13.89,14.03,13.89,13.91,1424.35,NMRBUSD,19838.086979901014
13.97,14.03,13.95,14.01,255.85,NMRBUSD,3578.780724567195
13.95,14.11,13.93,14.05,306.6,NMRBUSD,4294.793029341779
14.03,15.3,14.01,14.28,17205.21,NMRBUSD,247802.22079268866
14.25,14.26,14.07,14.21,1717.38,NMRBUSD,24378.682543325493
14.2,14.32,14.1,14.14,1261.57,NMRBUSD,17898.87364406074
14.18,14.22,14.09,14.22,253.8,NMRBUSD,3597.685762250835
14.24,14.27,14.1,14.22,439.26,NMRBUSD,6239.8087059868785
14.22,14.55,14.2,14.48,1102.43,NMRBUSD,15831.170216917415
14.53,14.73,14.43,14.43,2067.63,NMRBUSD,30037.957115846788
14.41,14.5,14.34,14.5,343.21,NMRBUSD,4954.318060364269
14.48,14.51,14.43,14.49,284.84,NMRBUSD,4123.125028781763
14.55,14.65,14.54,14.54,307.59,NMRBUSD,4480.884169874379
14.5,14.59,14.48,14.58,163.52,NMRBUSD,2376.79956846276
14.59,14.59,14.44,14.48,290.73,NMRBUSD,4222.191655581323
14.52,14.53,14.39,14.39,122.43,NMRBUSD,1769.7544141296444
14.43,14.49,14.22,14.3,838.59,NMRBUSD,12040.265755983493
14.33,14.34,14.27,14.34,177.95,NMRBUSD,2547.84476661252
14.3,14.32,14.28,14.3,125.66,NMRBUSD,1796.65647372354
14.28,14.3,14.23,14.3,253.46,NMRBUSD,3618.2081964972494
14.3,14.3,14.2,14.2,152.27,NMRBUSD,2169.5075499921754
14.25,14.26,14.2,14.2,56.8,NMRBUSD,807.9953915262599
14.24,14.24,14.17,14.2,139.75,NMRBUSD,1985.8856975355936
14.22,14.23,14.14,14.23,373.42,NMRBUSD,5303.600054779564
14.22,14.24,14.19,14.19,167.58,NMRBUSD,2380.9387198802942
14.16,14.2,14.11,14.11,133.94,NMRBUSD,1894.2844759477289
14.12,14.12,14.12,14.12,1.66,NMRBUSD,23.435527780535995
14.1,14.16,14.06,14.1,163.54,NMRBUSD,2306.3703043445607
14.12,14.12,14.09,14.09,123.85,NMRBUSD,1746.6305625111527
14.1,14.12,14.08,14.12,151.46,NMRBUSD,2136.008599095189
14.16,14.18,14.11,14.12,121.1,NMRBUSD,1712.3884280669774
14.13,14.15,14.11,14.14,111.7,NMRBUSD,1578.3529306988326
14.12,14.14,14.12,14.14,268.01,NMRBUSD,3786.3879936397284
14.15,14.19,14.14,14.19,312.16,NMRBUSD,4421.833922726245
14.16,14.18,14.12,14.18,35.47,NMRBUSD,502.176511677816
14.17,14.17,14.12,14.12,41.92,NMRBUSD,592.865501207472
14.14,14.17,14.13,14.13,65.1,NMRBUSD,920.5325075735776
14.11,14.21,14.11,14.14,71.74,NMRBUSD,1014.4239952892235
14.13,14.13,14.13,14.13,2.39,NMRBUSD,33.765409144431004
14.14,14.19,14.14,14.19,26.5,NMRBUSD,375.313690390425
14.18,14.18,14.18,14.18,0.96,NMRBUSD,13.610667282624
14.16,14.24,14.16,14.21,86.78,NMRBUSD,1231.4321912877497
14.21,14.27,14.21,14.25,59.54,NMRBUSD,847.419114043827
14.26,14.34,14.26,14.26,53.29,NMRBUSD,760.861977075396
14.26,14.27,14.26,14.27,15.78,NMRBUSD,225.066433316661
14.28,14.31,14.28,14.29,77.87,NMRBUSD,1112.587963530459
14.25,14.26,14.24,14.26,24.68,NMRBUSD,351.696591061161
14.2,14.24,14.19,14.21,95.84,NMRBUSD,1361.673033257712
14.25,14.26,14.16,14.21,162.84,NMRBUSD,2315.222017329384
14.19,14.24,14.16,14.17,63.47,NMRBUSD,900.4981968408691
14.2,14.2,14.08,14.12,206.49,NMRBUSD,2921.3757363455547
14.15,14.15,14.15,14.15,7.96,NMRBUSD,112.61635363122001
14.17,14.18,14.13,14.13,15.99,NMRBUSD,226.26302081792178
14.16,14.18,14.13,14.18,10.43,NMRBUSD,147.69173251053377
14.18,14.21,14.06,14.06,71.76,NMRBUSD,1013.6305696147022
14.04,14.05,14.0,14.0,120.97,NMRBUSD,1696.0360653930773
14.05,14.08,14.04,14.05,14.17,NMRBUSD,199.1281477046355
14.02,14.02,14.02,14.02,2.01,NMRBUSD,28.175785008065997
14.02,14.09,14.02,14.09,22.08,NMRBUSD,310.285779909552
14.06,14.06,14.02,14.02,36.16,NMRBUSD,507.6068607717119
13.99,13.99,13.87,13.93,223.07,NMRBUSD,3110.22379488413
13.94,13.94,13.94,13.94,1.21,NMRBUSD,16.864757384442
13.98,14.0,13.9,13.9,78.24,NMRBUSD,1090.8858641311438
13.9,13.91,13.81,13.82,55.93,NMRBUSD,775.0683510140341
13.81,13.81,13.75,13.75,25.55,NMRBUSD,352.02383978307006
13.72,13.76,13.71,13.76,90.46,NMRBUSD,1242.4995570918522
13.76,13.77,13.75,13.76,75.54,NMRBUSD,1039.267552439232
13.78,13.79,13.75,13.79,53.38,NMRBUSD,735.3277281530235
13.78,13.82,13.77,13.82,57.94,NMRBUSD,799.3019037484095
13.79,13.84,13.79,13.83,19.21,NMRBUSD,265.29655447595627
13.84,14.03,13.7,13.75,1911.08,NMRBUSD,26426.095574863208
13.78,13.78,13.75,13.77,58.04,NMRBUSD,799.085587643964
13.77,13.78,13.76,13.78,211.14,NMRBUSD,2907.4700652884144
13.78,13.78,13.76,13.76,337.9,NMRBUSD,4652.15403282039
13.76,13.81,13.76,13.81,21.22,NMRBUSD,292.471871251941
13.83,13.87,13.83,13.85,338.92,NMRBUSD,4691.612249932843
13.78,13.9,13.78,13.84,94.45,NMRBUSD,1305.5666748182625
13.88,13.88,13.83,13.85,12.16,NMRBUSD,168.51119521420804
13.87,13.87,13.86,13.87,16.12,NMRBUSD,223.509077345853
13.85,13.86,13.85,13.86,12.9,NMRBUSD,178.701498449235
13.88,13.97,13.88,13.97,157.2,NMRBUSD,2188.6670478032997
13.95,13.96,13.95,13.96,26.44,NMRBUSD,368.91239343876606
13.88,13.88,13.86,13.86,17.44,NMRBUSD,241.85490265502403
13.83,13.87,13.83,13.86,24.09,NMRBUSD,333.53401203829577
13.87,13.91,13.86,13.89,37.29,NMRBUSD,517.5973203211552
13.9,13.94,13.9,13.94,21.42,NMRBUSD,298.119686270112
13.92,13.92,13.86,13.86,233.18,NMRBUSD,3238.3627662057665
13.87,14.0,13.87,13.93,74.71,NMRBUSD,1039.613523227495
13.97,13.99,13.97,13.99,63.58,NMRBUSD,888.709144121172
14.01,14.11,14.01,14.11,45.15,NMRBUSD,634.70954447397
14.14,14.28,14.14,14.25,139.26,NMRBUSD,1977.5302817836996
14.25,14.26,14.22,14.22,15.98,NMRBUSD,227.47960518578248
14.28,14.35,14.28,14.29,209.83,NMRBUSD,3000.09890085477
14.25,14.31,14.22,14.22,290.5,NMRBUSD,4138.97644495125
14.21,14.21,14.15,14.17,78.62,NMRBUSD,1115.0499777462512
14.15,14.16,14.13,14.13,4.93,NMRBUSD,69.71160157200826
14.15,14.15,14.14,14.14,2.3,NMRBUSD,32.528402976555
14.15,14.23,14.15,14.17,15.67,NMRBUSD,222.0874501070925
14.16,14.16,14.16,14.16,2.91,NMRBUSD,41.199144318648
14.21,14.21,14.21,14.21,43.01,NMRBUSD,611.076347667093
14.23,14.26,14.22,14.26,33.54,NMRBUSD,477.6186097671885
14.22,14.23,14.19,14.19,30.5,NMRBUSD,433.26086038473755
14.19,14.19,14.19,14.19,23.25,NMRBUSD,329.865811825275
14.18,14.2,14.18,14.19,14.12,NMRBUSD,200.296114690575
14.2,14.2,14.2,14.2,21.71,NMRBUSD,308.23370145906
14.2,14.2,14.18,14.18,27.04,NMRBUSD,383.637486097008
14.22,14.29,14.21,14.23,124.0,NMRBUSD,1765.1734069485
14.24,14.3,14.24,14.3,56.94,NMRBUSD,812.406500329554
14.3,14.3,14.22,14.25,126.45,NMRBUSD,1803.8427226774988
14.24,14.26,14.24,14.25,31.95,NMRBUSD,455.13630762139127
14.25,14.25,14.2,14.2,38.49,NMRBUSD,547.4344700024326
14.23,14.25,14.17,14.17,80.48,NMRBUSD,1143.039291973272
14.17,14.17,13.93,13.99,210.81,NMRBUSD,2964.5781167680243
13.98,13.99,13.93,13.97,575.86,NMRBUSD,8042.064402342752
14.0,14.0,13.98,14.0,21.36,NMRBUSD,298.886366135556
13.96,13.96,13.86,13.86,644.37,NMRBUSD,8961.782437539712
13.91,13.92,13.83,13.9,369.34,NMRBUSD,5129.328862125557
13.85,13.9,13.82,13.9,10.68,NMRBUSD,148.081696405317
13.93,13.93,13.9,13.9,18.43,NMRBUSD,256.4132714379885
13.89,13.89,13.82,13.85,18.1,NMRBUSD,250.87193973446253
13.86,13.86,13.86,13.86,9.05,NMRBUSD,125.41334841189001
13.84,13.84,13.83,13.83,25.39,NMRBUSD,351.2156164272645
13.86,13.87,13.65,13.71,271.87,NMRBUSD,3743.742950885485
13.66,13.75,13.66,13.7,270.43,NMRBUSD,3702.2826474890403
13.68,13.75,13.64,13.69,172.43,NMRBUSD,2360.196870015111
13.67,13.67,13.61,13.64,28.15,NMRBUSD,384.1169359698263
13.6,13.64,13.6,13.64,12.49,NMRBUSD,170.08714827095403
13.63,13.64,13.58,13.58,19.26,NMRBUSD,262.03938985589855
13.6,13.75,13.6,13.67,98.83,NMRBUSD,1349.3122201297547
13.72,13.76,13.72,13.74,2.95,NMRBUSD,40.51190200577251
13.76,13.77,13.72,13.72,14.0,NMRBUSD,192.36485747535
13.63,13.63,13.5,13.58,90.57,NMRBUSD,1230.2006842581886
13.63,13.66,13.6,13.62,31.05,NMRBUSD,423.06758261580376
13.62,13.65,13.62,13.65,45.4,NMRBUSD,618.93201672657
13.69,13.72,13.69,13.7,11.54,NMRBUSD,158.07323078634
13.69,13.73,13.68,13.73,64.02,NMRBUSD,877.4166635913194
13.75,13.81,13.75,13.79,196.72,NMRBUSD,2709.3934528139403
13.8,13.8,13.66,13.66,174.63,NMRBUSD,2397.294257056767
13.76,13.87,13.76,13.84,205.14,NMRBUSD,2832.0267868389315
13.88,13.93,13.88,13.93,79.06,NMRBUSD,1099.1570680785692
13.94,13.94,13.87,13.92,135.04,NMRBUSD,1879.124751393936
13.94,13.94,13.94,13.94,21.95,NMRBUSD,305.93506164339
13.98,13.99,13.87,13.87,39.5,NMRBUSD,550.0500601537124
13.86,13.86,13.82,13.82,52.95,NMRBUSD,732.7131878372401
13.84,13.84,13.77,13.77,62.21,NMRBUSD,858.6745003861365
13.84,14.12,13.84,14.12,1338.78,NMRBUSD,18713.21214165685
14.05,14.09,13.91,13.93,354.67,NMRBUSD,4962.829001746144
13.93,13.97,13.93,13.97,75.42,NMRBUSD,1051.94416608297
14.03,14.07,14.01,14.07,9.79,NMRBUSD,137.47900778883147
14.06,14.07,13.99,13.99,132.05,NMRBUSD,1852.0411702434792
13.96,13.97,13.96,13.97,4.54,NMRBUSD,63.391166949663
13.96,13.98,13.96,13.98,15.78,NMRBUSD,220.41206263117803
13.98,14.45,13.98,14.41,1493.1,NMRBUSD,21206.16260990671
14.41,17.4,14.36,16.48,36690.43,NMRBUSD,574573.8272880735
16.43,17.25,16.11,16.54,15507.01,NMRBUSD,257104.70641889577
16.54,16.76,16.07,16.3,12807.45,NMRBUSD,210233.36795215358
16.27,16.29,15.61,15.71,6054.7,NMRBUSD,96678.41002011146
15.7,18.39,15.7,17.54,43397.9,NMRBUSD,730380.7050745755
17.51,17.8,16.55,17.74,22066.17,NMRBUSD,383891.2043407421
17.76,18.08,16.81,17.16,16134.94,NMRBUSD,281550.9228550284
17.15,17.22,16.47,16.61,6923.8,NMRBUSD,116734.28587368307
16.61,17.14,16.54,16.61,8467.8,NMRBUSD,141601.76677497014
16.58,16.71,16.16,16.2,5679.53,NMRBUSD,93200.6820861228
16.21,16.83,16.21,16.31,13143.69,NMRBUSD,215391.32845285741
16.34,16.7,16.23,16.38,2911.46,NMRBUSD,47776.850877883044
13.52,13.58,13.52,13.58,44.3,NMRUSDT,600.17092046655
13.57,13.57,13.51,13.53,84.34,NMRUSDT,1142.206253951931
13.54,13.59,13.54,13.57,170.66,NMRUSDT,2313.786903333192
13.53,13.53,13.46,13.49,816.87,NMRUSDT,11028.05847645606
13.49,13.66,13.49,13.65,300.63,NMRUSDT,4079.661169475207
13.65,13.7,13.64,13.68,269.16,NMRUSDT,3678.167730405861
13.67,13.72,13.67,13.7,524.36,NMRUSDT,7177.363315513068
13.69,13.71,13.59,13.59,276.86,NMRUSDT,3777.1626125058688
13.61,13.66,13.59,13.65,238.75,NMRUSDT,3253.0556936595935
13.67,13.7,13.61,13.65,444.34,NMRUSDT,6067.622422467507
13.64,13.69,13.58,13.59,370.48,NMRUSDT,5046.9988598733
13.56,13.6,13.51,13.54,562.55,NMRUSDT,7622.76397192552
13.55,13.57,13.54,13.57,119.91,NMRUSDT,1625.4250322010275
13.57,13.59,13.52,13.55,167.85,NMRUSDT,2275.2697160782463
13.57,13.57,13.5,13.54,381.85,NMRUSDT,5171.347617637478
13.57,13.58,13.48,13.52,406.42,NMRUSDT,5501.0484355281515
13.53,13.6,13.45,13.45,787.13,NMRUSDT,10630.492096802212
13.44,13.5,13.43,13.48,327.62,NMRUSDT,4409.892979130497
13.49,13.6,13.48,13.6,879.34,NMRUSDT,11906.595536758578
13.6,13.65,13.6,13.64,194.57,NMRUSDT,2650.1144074605277
13.63,13.65,13.62,13.64,17.34,NMRUSDT,236.393844185043
13.66,13.66,13.58,13.64,262.09,NMRUSDT,3573.03706011868
13.64,13.77,13.64,13.72,293.93,NMRUSDT,4024.0057437174364
13.73,13.75,13.71,13.72,328.17,NMRUSDT,4504.247613610517
13.73,13.73,13.68,13.7,262.86,NMRUSDT,3603.245774764662
13.71,13.71,13.68,13.7,125.42,NMRUSDT,1717.9846980505797
13.7,13.7,13.57,13.59,282.51,NMRUSDT,3852.832450913028
13.59,13.59,13.54,13.57,119.51,NMRUSDT,1621.7952511857832
13.56,13.58,13.52,13.52,274.52,NMRUSDT,3717.790619337017
13.53,13.53,13.46,13.47,185.43,NMRUSDT,2502.44915466346
13.48,13.56,13.47,13.53,334.25,NMRUSDT,4515.009751596224
13.52,13.53,13.49,13.49,126.74,NMRUSDT,1711.6722375575985
13.5,13.5,13.4,13.41,269.64,NMRUSDT,3626.763588239967
13.42,13.52,13.42,13.47,1120.64,NMRUSDT,15078.649152863856
13.47,13.53,13.45,13.49,400.44,NMRUSDT,5399.087068438219
13.47,13.51,13.41,13.48,197.94,NMRUSDT,2665.3391459132267
13.47,13.55,13.46,13.49,143.55,NMRUSDT,1936.5448127541865
13.5,13.56,13.49,13.56,94.17,NMRUSDT,1273.6850190548873
13.55,13.63,13.53,13.62,280.02,NMRUSDT,3802.775547561295
13.63,13.71,13.63,13.69,310.29,NMRUSDT,4239.44829711302
13.69,13.83,13.69,13.82,209.38,NMRUSDT,2880.0938821272944
13.82,13.83,13.73,13.79,335.55,NMRUSDT,4627.348017059936
13.77,13.78,13.72,13.77,137.25,NMRUSDT,1888.2640059911996
13.77,13.77,13.73,13.75,302.65,NMRUSDT,4162.2982907289515
13.75,13.86,13.73,13.82,990.1,NMRUSDT,13651.33909023633
13.82,13.88,13.81,13.83,1056.83,NMRUSDT,14618.951462576772
13.86,13.93,13.84,13.85,973.19,NMRUSDT,13496.02973568713
13.88,13.91,13.85,13.9,222.14,NMRUSDT,3083.930479809452
13.9,13.96,13.89,13.92,251.8,NMRUSDT,3503.8772512346554
13.91,14.03,13.88,14.0,974.11,NMRUSDT,13591.574508607513
14.02,14.07,13.98,13.98,988.47,NMRUSDT,13848.76501782031
13.97,14.02,13.94,13.96,299.34,NMRUSDT,4181.87262236305
13.97,14.23,13.97,14.12,1877.06,NMRUSDT,26410.7868385148
14.13,14.37,14.13,14.31,4582.62,NMRUSDT,65223.37163854594
14.32,14.32,14.18,14.21,1092.45,NMRUSDT,15573.164710291212
14.19,14.25,14.11,14.12,1508.13,NMRUSDT,21363.083014147905
14.11,14.11,14.0,14.02,830.55,NMRUSDT,11675.702780252906
14.01,14.04,13.93,13.93,547.27,NMRUSDT,7648.267524127209
13.93,13.95,13.87,13.92,619.54,NMRUSDT,8621.096553732796
13.89,13.91,13.83,13.87,281.72,NMRUSDT,3908.25236358855
13.86,13.87,13.77,13.8,498.36,NMRUSDT,6888.74715741429
13.8,13.82,13.76,13.82,116.35,NMRUSDT,1605.3783496101
13.81,13.87,13.5,13.53,1562.77,NMRUSDT,21371.436604684426
13.53,13.61,13.51,13.61,722.28,NMRUSDT,9796.192602059213
13.6,13.72,13.6,13.69,177.22,NMRUSDT,2419.116842384083
13.69,13.69,13.64,13.68,53.42,NMRUSDT,730.404005835495
13.7,13.83,13.68,13.8,534.15,NMRUSDT,7344.7465524260515
13.79,13.84,13.79,13.82,200.79,NMRUSDT,2772.475301831373
13.82,13.86,13.79,13.79,476.88,NMRUSDT,6587.064647525843
13.81,13.81,13.76,13.76,45.79,NMRUSDT,631.1162196495404
13.79,13.79,13.7,13.7,214.85,NMRUSDT,2952.650408560328
13.69,13.69,13.63,13.64,333.49,NMRUSDT,4555.593014984299
13.64,13.68,13.62,13.67,262.58,NMRUSDT,3584.311592784181
13.7,13.81,13.67,13.79,737.59,NMRUSDT,10134.74190790898
13.78,13.84,13.74,13.76,239.02,NMRUSDT,3293.1793790886118
13.79,13.84,13.77,13.84,168.1,NMRUSDT,2321.0971574174696
13.84,13.9,13.7,13.8,1170.81,NMRUSDT,16166.351950481545
13.79,13.89,13.79,13.85,369.52,NMRUSDT,5109.660637353431
13.88,13.97,13.86,13.91,1368.83,NMRUSDT,19030.598016826363
13.92,14.0,13.92,13.92,599.14,NMRUSDT,8350.702589221932
13.94,14.08,13.9,14.06,2086.28,NMRUSDT,29192.912477611724
14.06,15.31,14.01,14.28,66980.92,NMRUSDT,965378.634289087
14.24,14.27,14.08,14.19,5855.94,NMRUSDT,83112.04010804532
14.18,14.35,14.08,14.14,4471.63,NMRUSDT,63431.30747778954
14.18,14.25,14.07,14.24,2489.28,NMRUSDT,35304.90259524034
14.24,14.28,14.07,14.16,2065.72,NMRUSDT,29302.80915080617
14.16,14.56,14.16,14.49,8382.3,NMRUSDT,120204.29517762041
14.46,14.72,14.44,14.44,9693.75,NMRUSDT,140682.72858963467
14.43,14.51,14.33,14.49,2903.14,NMRUSDT,41914.77126813103
14.48,14.54,14.44,14.46,823.05,NMRUSDT,11915.896128848279
14.5,14.63,14.48,14.51,1250.86,NMRUSDT,18172.14723290826
14.52,14.58,14.46,14.58,1846.96,NMRUSDT,26841.356094816972
14.57,14.57,14.47,14.5,522.11,NMRUSDT,7583.764235312391
14.5,14.55,14.37,14.41,2090.64,NMRUSDT,30220.690568700902
14.42,14.48,14.19,14.29,6047.99,NMRUSDT,86744.81890337411
14.3,14.33,14.24,14.32,1151.78,NMRUSDT,16464.99358704078
14.33,14.34,14.27,14.29,636.89,NMRUSDT,9110.875503645017
14.27,14.33,14.26,14.32,226.84,NMRUSDT,3242.1695751084058
14.28,14.29,14.21,14.25,655.58,NMRUSDT,9345.46690537115
14.24,14.3,14.2,14.24,912.3,NMRUSDT,12993.676681823143
14.23,14.24,14.17,14.21,878.98,NMRUSDT,12490.545299965626
14.21,14.23,14.14,14.22,1657.81,NMRUSDT,23537.212434429537
14.21,14.24,14.15,14.19,760.41,NMRUSDT,10794.228930305588
14.16,14.19,14.08,14.13,1286.77,NMRUSDT,18192.076108965906
14.13,14.13,14.08,14.11,211.22,NMRUSDT,2980.3750625941575
14.09,14.15,14.06,14.13,1020.61,NMRUSDT,14395.99893640373
14.12,14.15,14.07,14.1,1519.05,NMRUSDT,21430.436181231285
14.1,14.17,14.09,14.14,424.15,NMRUSDT,5990.179761958312
14.15,14.17,14.11,14.11,820.68,NMRUSDT,11598.493683131584
14.13,14.16,14.11,14.12,622.57,NMRUSDT,8795.535359653106
14.13,14.17,14.12,14.14,899.75,NMRUSDT,12720.47100806055
14.15,14.22,14.13,14.19,1192.17,NMRUSDT,16893.381210323892
14.15,14.18,14.09,14.18,646.01,NMRUSDT,9139.608824565705
14.18,14.18,14.1,14.14,1136.64,NMRUSDT,16080.935239941122
14.09,14.17,14.09,14.12,282.11,NMRUSDT,3982.0637183215144
14.12,14.2,14.12,14.15,246.21,NMRUSDT,3482.7100442910382
14.13,14.16,14.13,14.14,40.27,NMRUSDT,569.3285551482061
14.15,14.2,14.13,14.2,258.14,NMRUSDT,3657.2705061412257
14.18,14.19,14.16,14.16,115.06,NMRUSDT,1630.4322722932695
14.16,14.25,14.15,14.24,614.46,NMRUSDT,8723.96447871564
14.23,14.28,14.2,14.25,419.81,NMRUSDT,5977.157453264686
14.26,14.32,14.24,14.24,602.02,NMRUSDT,8586.469331708031
14.27,14.3,14.23,14.26,317.53,NMRUSDT,4528.85553120702
14.28,14.32,14.25,14.25,710.43,NMRUSDT,10139.798790219576
14.25,14.28,14.22,14.22,243.17,NMRUSDT,3462.8059143543305
14.22,14.26,14.18,14.24,456.0,NMRUSDT,6485.583355181999
14.26,14.26,14.21,14.23,170.88,NMRUSDT,2432.949824001024
14.22,14.27,14.15,14.15,436.83,NMRUSDT,6200.921902165134
14.15,14.17,14.1,14.11,988.9,NMRUSDT,13973.438849627646
14.11,14.17,14.1,14.14,275.38,NMRUSDT,3890.509544856438
14.16,14.17,14.11,14.15,266.25,NMRUSDT,3766.1815088440308
14.13,14.21,14.13,14.17,182.96,NMRUSDT,2590.3075574574723
14.16,14.22,14.04,14.04,523.33,NMRUSDT,7385.645216373647
14.04,14.06,14.0,14.04,869.26,NMRUSDT,12198.151983953607
14.03,14.11,14.02,14.05,554.12,NMRUSDT,7785.55087933415
14.07,14.07,14.01,14.04,294.84,NMRUSDT,4141.115761187222
14.05,14.08,14.03,14.08,46.95,NMRUSDT,660.01353986259
14.06,14.06,14.01,14.03,235.18,NMRUSDT,3301.409688949944
14.0,14.01,13.89,13.93,1990.88,NMRUSDT,27783.352432587853
13.93,13.98,13.92,13.98,41.28,NMRUSDT,575.868929914584
13.99,13.99,13.89,13.89,139.29,NMRUSDT,1941.3982769515019
13.88,13.91,13.8,13.81,776.05,NMRUSDT,10746.607920116476
13.82,13.83,13.72,13.73,1047.97,NMRUSDT,14433.524229142671
13.73,13.8,13.73,13.78,369.47,NMRUSDT,5083.110399224544
13.77,13.8,13.76,13.78,82.33,NMRUSDT,1134.1237959141502
13.77,13.81,13.75,13.8,272.87,NMRUSDT,3760.241339992634
13.78,13.8,13.76,13.8,278.59,NMRUSDT,3839.7612498835
13.77,13.87,13.76,13.8,396.36,NMRUSDT,5468.91072326136
13.8,14.03,13.69,13.74,11865.01,NMRUSDT,163889.42273431597
13.76,13.83,13.75,13.78,531.52,NMRUSDT,7323.197655314112
13.76,13.79,13.76,13.76,98.23,NMRUSDT,1352.1695662435864
13.76,13.8,13.76,13.8,199.62,NMRUSDT,2750.3324728209723
13.77,13.85,13.73,13.83,1722.51,NMRUSDT,23758.301227751217
13.84,13.9,13.8,13.8,597.52,NMRUSDT,8265.393561801684
13.79,13.89,13.77,13.89,382.59,NMRUSDT,5292.303057319765
13.89,13.89,13.82,13.86,552.25,NMRUSDT,7655.7461768142375
13.88,13.88,13.84,13.86,74.03,NMRUSDT,1026.2650782608564
13.83,13.88,13.82,13.88,133.71,NMRUSDT,1851.9274769081244
13.87,13.95,13.83,13.95,360.38,NMRUSDT,5008.496895232139
13.95,13.99,13.92,13.95,333.12,NMRUSDT,4647.128341403736
13.95,13.95,13.86,13.86,681.9,NMRUSDT,9480.333414429764
13.87,13.87,13.83,13.84,64.4,NMRUSDT,891.9611810102699
13.86,13.91,13.86,13.88,103.76,NMRUSDT,1439.7037198651378
13.86,13.89,13.86,13.89,96.86,NMRUSDT,1343.7218654592748
13.9,13.92,13.84,13.92,125.58,NMRUSDT,1744.6606164785069
13.9,13.92,13.85,13.85,86.97,NMRUSDT,1206.954404383572
13.88,14.03,13.88,13.94,378.78,NMRUSDT,5276.525230566183
13.98,14.0,13.97,14.0,296.81,NMRUSDT,4150.979190049691
14.0,14.12,14.0,14.1,426.14,NMRUSDT,5988.458981698478
14.12,14.29,14.12,14.27,2804.49,NMRUSDT,39817.516422408655
14.26,14.27,14.23,14.24,73.12,NMRUSDT,1041.7966936092002
14.26,14.31,14.19,14.22,593.62,NMRUSDT,8454.791572798262
14.23,14.28,14.21,14.26,349.78,NMRUSDT,4981.835174578646
14.28,14.29,14.19,14.21,91.78,NMRUSDT,1306.9717762036453
14.22,14.26,14.11,14.12,1084.93,NMRUSDT,15379.184317603896
14.12,14.16,14.12,14.16,113.12,NMRUSDT,1599.266107731936
14.14,14.17,14.12,14.12,108.2,NMRUSDT,1529.437753645425
14.13,14.21,14.12,14.17,424.09,NMRUSDT,6003.113159589152
14.18,14.2,14.16,14.16,270.7,NMRUSDT,3836.5710999540747
14.17,14.26,14.17,14.21,118.64,NMRUSDT,1684.720512363642
14.22,14.27,14.19,14.19,574.13,NMRUSDT,8161.413936083009
14.2,14.25,14.17,14.19,186.11,NMRUSDT,2642.813001989189
14.17,14.2,14.16,14.16,49.32,NMRUSDT,698.878147657779
14.16,14.21,14.16,14.19,567.8,NMRUSDT,8050.1421034510795
14.19,14.2,14.17,14.2,134.32,NMRUSDT,1905.702072494616
14.2,14.21,14.15,14.21,392.75,NMRUSDT,5573.230745621306
14.2,14.31,14.2,14.24,648.04,NMRUSDT,9225.023435435263
14.23,14.31,14.21,14.29,204.14,NMRUSDT,2910.580153265028
14.3,14.3,14.25,14.26,114.48,NMRUSDT,1634.232026664414
14.24,14.25,14.21,14.21,46.02,NMRUSDT,654.6469311030286
14.22,14.3,14.18,14.23,328.89,NMRUSDT,4680.193283323045
14.23,14.23,14.17,14.19,375.01,NMRUSDT,5326.182146617753
14.2,14.2,13.94,14.0,673.44,NMRUSDT,9483.915752881849
13.99,14.0,13.9,13.98,1362.01,NMRUSDT,19020.89306312219
13.99,14.01,13.97,13.97,268.01,NMRUSDT,3747.5324071759087
13.96,13.96,13.85,13.87,650.71,NMRUSDT,9049.957477823848
13.88,13.95,13.83,13.85,927.48,NMRUSDT,12869.086411917098
13.84,13.91,13.81,13.89,274.72,NMRUSDT,3807.7091242006204
13.9,13.97,13.86,13.9,576.84,NMRUSDT,8021.144948887521
13.9,13.9,13.84,13.84,295.6,NMRUSDT,4099.32941138844
13.85,13.86,13.81,13.85,131.53,NMRUSDT,1820.418666058162
13.83,13.86,13.82,13.82,84.8,NMRUSDT,1172.8121563369198
13.84,13.86,13.63,13.7,1053.01,NMRUSDT,14484.514561175194
13.71,13.81,13.63,13.65,838.98,NMRUSDT,11492.22454130502
13.65,13.77,13.63,13.67,722.44,NMRUSDT,9881.430240669984
13.67,13.67,13.6,13.62,373.7,NMRUSDT,5096.469105186359
13.62,13.65,13.58,13.65,160.79,NMRUSDT,2190.4203915974626
13.63,13.65,13.57,13.57,428.08,NMRUSDT,5823.115600028867
13.59,13.75,13.57,13.64,1149.85,NMRUSDT,15678.621679429552
13.67,13.79,13.67,13.73,222.85,NMRUSDT,3055.9087223479423
13.76,13.78,13.73,13.75,106.96,NMRUSDT,1471.0042133697957
13.76,13.76,13.71,13.72,40.29,NMRUSDT,553.3971274722712
13.74,13.77,13.71,13.71,19.12,NMRUSDT,262.524248124858
13.72,13.77,13.65,13.65,159.67,NMRUSDT,2186.7370439790275
13.69,13.69,13.5,13.6,1070.84,NMRUSDT,14582.554917901414
13.6,13.64,13.59,13.6,432.94,NMRUSDT,5890.307717357534
13.6,13.67,13.6,13.67,324.0,NMRUSDT,4417.047607609799
13.68,13.71,13.67,13.67,247.45,NMRUSDT,3385.203978812224
13.68,13.75,13.68,13.75,194.49,NMRUSDT,2667.0122836412443
13.75,13.82,13.74,13.8,931.2,NMRUSDT,12827.597215538159
13.79,13.8,13.64,13.65,1013.58,NMRUSDT,13904.138062842552
13.7,13.74,13.69,13.7,380.74,NMRUSDT,5218.175577140908
13.71,13.88,13.71,13.84,1263.89,NMRUSDT,17419.992986522335
13.84,13.93,13.81,13.93,1006.42,NMRUSDT,13964.404565792907
13.91,13.96,13.86,13.91,1044.15,NMRUSDT,14521.850133653656
13.91,13.97,13.87,13.91,700.4,NMRUSDT,9744.538499075818
13.89,13.98,13.84,13.85,426.1,NMRUSDT,5917.60138894983
13.88,13.88,13.81,13.82,491.11,NMRUSDT,6799.579859795521
13.86,13.86,13.76,13.8,687.39,NMRUSDT,9498.240907348445
13.79,14.07,13.76,14.05,5414.05,NMRUSDT,75338.23126309366
14.05,14.14,13.91,13.93,2078.97,NMRUSDT,29116.608113669336
13.92,13.97,13.91,13.97,353.81,NMRUSDT,4932.222776548674
13.97,14.11,13.97,14.06,341.79,NMRUSDT,4793.707789405666
14.06,14.13,13.98,13.99,1114.6,NMRUSDT,15646.53133473768
13.99,13.99,13.92,13.92,156.04,NMRUSDT,2177.196914437914
13.93,13.97,13.9,13.95,234.72,NMRUSDT,3270.8972719106996
13.96,13.99,13.94,13.95,354.25,NMRUSDT,4944.554918429099
13.97,14.45,13.96,14.41,8775.37,NMRUSDT,124568.78884829996
14.42,17.42,14.38,16.43,134139.76,NMRUSDT,2100634.706913691
16.44,17.25,16.08,16.53,58444.31,NMRUSDT,968562.6116360929
16.53,16.82,16.07,16.22,32207.81,NMRUSDT,528447.3255676941
16.25,16.29,15.6,15.71,23101.98,NMRUSDT,368707.5591557933
15.71,18.41,15.69,17.55,169289.07,NMRUSDT,2850381.128537152
17.52,17.89,16.55,17.75,94245.94,NMRUSDT,1642213.6948514641
17.73,18.1,16.79,17.13,72873.83,NMRUSDT,1270538.2479506326
17.15,17.15,16.5,16.6,28304.63,NMRUSDT,476858.2657884807
16.62,17.14,16.53,16.6,43003.81,NMRUSDT,719018.5032900297
16.58,16.73,16.13,16.2,24903.25,NMRUSDT,408598.2828526273
16.21,16.89,16.17,16.3,43574.9,NMRUSDT,714189.5957683428
16.33,16.74,16.23,16.42,16436.92,NMRUSDT,270016.2693163115
