open,high,low,close,volume,name,avg
9.22,9.27,9.21,9.22,12106.29,NEOUSDT,111723.08315102982
9.22,9.24,9.21,9.24,3067.86,NEOUSDT,28304.124699119577
9.24,9.3,9.24,9.26,11041.33,NEOUSDT,102226.27005916357
9.26,9.26,9.21,9.24,11624.43,NEOUSDT,107421.51274494086
9.23,9.33,9.23,9.31,11796.31,NEOUSDT,109393.17652680105
9.32,9.33,9.28,9.3,9017.86,NEOUSDT,83920.23120921585
9.3,9.32,9.25,9.27,4563.8,NEOUSDT,42368.06700006945
9.26,9.27,9.21,9.23,11073.55,NEOUSDT,102330.82331406699
9.23,9.29,9.23,9.27,7921.9,NEOUSDT,73305.39143087316
9.27,9.29,9.21,9.22,27160.25,NEOUSDT,251124.01207934992
9.22,9.23,9.16,9.16,15510.89,NEOUSDT,142560.92171171014
9.16,9.21,9.15,9.18,11966.6,NEOUSDT,109775.89470667826
9.18,9.22,9.17,9.21,6629.74,NEOUSDT,60950.6538101216
9.2,9.23,9.17,9.22,8672.26,NEOUSDT,79815.3129415417
9.22,9.24,9.17,9.23,4334.0,NEOUSDT,39931.3860032615
9.23,9.25,9.21,9.25,4288.38,NEOUSDT,39596.819127001094
9.25,9.25,9.2,9.21,5339.89,NEOUSDT,49265.90927864427
9.2,9.25,9.18,9.23,4903.29,NEOUSDT,45176.549532979254
9.23,9.3,9.22,9.29,6372.93,NEOUSDT,59003.83950557997
9.29,9.33,9.28,9.32,4928.9,NEOUSDT,45856.03736977767
9.31,9.35,9.29,9.33,6207.96,NEOUSDT,57848.88071058888
9.34,9.37,9.28,9.36,8699.73,NEOUSDT,81220.66242971046
9.37,9.42,9.36,9.42,10442.16,NEOUSDT,98062.21195566238
9.42,9.45,9.39,9.4,24472.51,NEOUSDT,230371.62041355655
9.4,9.48,9.39,9.48,8530.31,NEOUSDT,80491.85142781946
9.48,9.48,9.45,9.45,12130.13,NEOUSDT,114793.2129911996
9.45,9.49,9.4,9.4,14019.9,NEOUSDT,132256.47962286696
9.4,9.43,9.36,9.4,11850.97,NEOUSDT,111351.576792441
9.41,9.44,9.34,9.36,13303.9,NEOUSDT,124870.27263539293
9.36,9.38,9.33,9.36,8750.0,NEOUSDT,81864.95490359375
9.36,9.47,9.34,9.47,15739.76,NEOUSDT,148087.31792287366
9.47,9.49,9.41,9.42,11282.55,NEOUSDT,106574.74581931253
9.42,9.42,9.32,9.34,9830.97,NEOUSDT,92150.51895445782
9.33,9.4,9.33,9.35,9552.74,NEOUSDT,89327.63018916329
9.34,9.39,9.31,9.33,15739.11,NEOUSDT,147018.9833671321
9.32,9.37,9.25,9.33,16093.9,NEOUSDT,149930.79300220372
9.33,9.39,9.32,9.38,8019.82,NEOUSDT,75013.34826182031
9.38,9.45,9.35,9.43,13763.83,NEOUSDT,129393.59526689815
9.44,9.5,9.42,9.48,8691.61,NEOUSDT,82209.40508986801
9.49,9.54,9.48,9.49,23387.69,NEOUSDT,222147.31685560325
9.49,9.54,9.49,9.53,9185.05,NEOUSDT,87358.7342120301
9.53,9.55,9.48,9.51,10836.83,NEOUSDT,103122.9395316759
9.51,9.53,9.47,9.52,22030.92,NEOUSDT,209425.28042436988
9.52,9.53,9.49,9.51,9417.13,NEOUSDT,89566.04010975824
9.51,9.54,9.51,9.54,3201.85,NEOUSDT,30492.71570762193
9.54,9.54,9.49,9.49,15214.03,NEOUSDT,144738.21056345687
9.49,9.52,9.44,9.45,9219.42,NEOUSDT,87339.95360837616
9.46,9.51,9.44,9.51,4216.27,NEOUSDT,39963.810386960344
9.51,9.53,9.49,9.53,5754.41,NEOUSDT,54744.40409598652
9.53,9.53,9.5,9.51,3200.5,NEOUSDT,30455.859136955063
9.5,9.51,9.45,9.47,7732.21,NEOUSDT,73308.88769340888
9.46,9.5,9.42,9.46,19727.02,NEOUSDT,186587.5917575602
9.45,9.54,9.45,9.51,6018.61,NEOUSDT,57092.377588691976
9.51,9.54,9.5,9.52,7056.03,NEOUSDT,67144.96352011529
9.52,9.55,9.51,9.51,5835.38,NEOUSDT,55558.468032736855
9.52,9.55,9.51,9.53,9511.93,NEOUSDT,90610.3360577319
9.52,9.53,9.49,9.5,3758.21,NEOUSDT,35734.828228173465
9.49,9.51,9.44,9.44,6357.7,NEOUSDT,60197.73463665385
9.43,9.52,9.43,9.5,9443.66,NEOUSDT,89417.07514962682
9.5,9.53,9.44,9.48,7776.5,NEOUSDT,73767.67631038782
9.48,9.5,9.4,9.42,10466.82,NEOUSDT,98895.53909342836
9.42,9.45,9.4,9.44,5316.93,NEOUSDT,50117.29491123406
9.43,9.44,9.31,9.32,16517.62,NEOUSDT,154827.77944521562
9.32,9.39,9.3,9.38,10057.72,NEOUSDT,93999.41546161096
9.38,9.44,9.36,9.42,3686.42,NEOUSDT,34646.7741698242
9.42,9.42,9.36,9.38,3707.98,NEOUSDT,34830.86865346271
9.38,9.47,9.38,9.46,4598.39,NEOUSDT,43321.3604131557
9.47,9.5,9.45,9.48,5684.44,NEOUSDT,53851.405607901346
9.48,9.48,9.44,9.44,3637.04,NEOUSDT,34400.86413081736
9.44,9.46,9.36,9.39,17216.83,NEOUSDT,162027.3460836195
9.39,9.41,9.31,9.33,18923.17,NEOUSDT,177092.38130786744
9.33,9.41,9.33,9.39,8691.77,NEOUSDT,81385.33311316987
9.39,9.46,9.37,9.44,6898.23,NEOUSDT,64936.38875151786
9.44,9.46,9.42,9.45,2096.97,NEOUSDT,19797.454292180653
9.46,9.49,9.44,9.47,4900.82,NEOUSDT,46378.800069869896
9.47,9.49,9.46,9.46,7526.86,NEOUSDT,71267.89891426843
9.46,9.5,9.4,9.4,17413.57,NEOUSDT,164357.65961738632
9.41,9.45,9.41,9.43,3456.9,NEOUSDT,32576.04180070988
9.43,9.44,9.4,9.42,2926.49,NEOUSDT,27570.416610051776
9.42,9.43,9.4,9.43,5691.39,NEOUSDT,53604.27016603228
9.42,9.43,9.39,9.4,5569.93,NEOUSDT,52404.6106623069
9.4,9.46,9.4,9.45,4003.57,NEOUSDT,37737.58510790425
9.45,9.46,9.42,9.43,5723.63,NEOUSDT,54022.37630284088
9.42,9.42,9.36,9.38,8872.55,NEOUSDT,83344.19917887382
9.38,9.5,9.34,9.45,17881.37,NEOUSDT,168370.71518855233
9.45,9.48,9.44,9.46,6462.85,NEOUSDT,61112.57233633671
9.46,9.53,9.46,9.51,6612.58,NEOUSDT,62743.290318151434
9.51,9.52,9.46,9.49,4149.03,NEOUSDT,39388.70315784013
9.49,9.49,9.43,9.46,6368.2,NEOUSDT,60281.23570334653
9.46,9.48,9.45,9.46,3652.85,NEOUSDT,34559.53332977084
9.46,9.5,9.46,9.48,2691.07,NEOUSDT,25493.78691467499
9.49,9.5,9.47,9.5,1319.21,NEOUSDT,12517.289170128535
9.5,9.51,9.48,9.48,1636.19,NEOUSDT,15529.03532782446
9.49,9.49,9.36,9.38,7555.71,NEOUSDT,71238.8846819585
9.39,9.42,9.38,9.4,4678.71,NEOUSDT,43961.10494369337
9.39,9.42,9.36,9.38,3367.75,NEOUSDT,31609.667891959845
9.38,9.42,9.38,9.4,3224.35,NEOUSDT,30287.895658226986
9.4,9.41,9.38,9.41,1103.4,NEOUSDT,10370.291670234003
9.41,9.41,9.38,9.39,2292.6,NEOUSDT,21541.243033637777
9.39,9.4,9.37,9.39,1760.66,NEOUSDT,16525.53718971361
9.38,9.39,9.36,9.38,1386.11,NEOUSDT,12996.155757046454
9.37,9.41,9.36,9.4,2012.94,NEOUSDT,18888.40321157039
9.4,9.42,9.39,9.39,874.23,NEOUSDT,8216.4401729823
9.4,9.42,9.39,9.41,2201.26,NEOUSDT,20699.52024652925
9.4,9.42,9.37,9.38,5519.11,NEOUSDT,51829.90249398743
9.38,9.4,9.37,9.39,2367.37,NEOUSDT,22214.19372210567
9.39,9.41,9.38,9.38,4086.76,NEOUSDT,38368.50383330107
9.39,9.42,9.38,9.41,6890.59,NEOUSDT,64761.12749682592
9.42,9.43,9.4,9.42,2826.45,NEOUSDT,26613.811354761056
9.42,9.43,9.39,9.4,2737.71,NEOUSDT,25757.707306250566
9.4,9.45,9.38,9.44,4005.63,NEOUSDT,37716.95277714855
9.45,9.45,9.42,9.44,1984.9,NEOUSDT,18734.4420802024
9.44,9.44,9.39,9.43,3325.32,NEOUSDT,31336.099777470154
9.43,9.45,9.42,9.42,3180.57,NEOUSDT,29987.950762125165
9.41,9.41,9.39,9.4,1980.96,NEOUSDT,18622.98041169606
9.41,9.42,9.4,9.41,819.41,NEOUSDT,7709.407842253115
9.41,9.42,9.39,9.42,693.01,NEOUSDT,6520.175161103515
9.41,9.43,9.39,9.43,3106.84,NEOUSDT,29246.19359296019
9.43,9.45,9.37,9.37,3884.78,NEOUSDT,36530.47902715349
9.37,9.39,9.36,9.39,2782.66,NEOUSDT,26090.196866700968
9.39,9.4,9.36,9.39,2379.73,NEOUSDT,22330.173663730857
9.38,9.41,9.38,9.4,1028.12,NEOUSDT,9655.063833139464
9.4,9.42,9.4,9.4,1787.8,NEOUSDT,16811.55442643985
9.41,9.41,9.38,9.39,4416.18,NEOUSDT,41494.37610585819
9.4,9.41,9.38,9.4,3172.29,NEOUSDT,29806.80007990002
9.4,9.43,9.4,9.42,2661.78,NEOUSDT,25049.97431341639
9.42,9.42,9.39,9.4,2731.26,NEOUSDT,25690.19551726882
9.4,9.41,9.36,9.37,2815.66,NEOUSDT,26420.718643720265
9.37,9.37,9.29,9.32,9125.17,NEOUSDT,85192.56944568634
9.32,9.33,9.29,9.32,3069.29,NEOUSDT,28585.8375783131
9.33,9.36,9.32,9.35,5751.45,NEOUSDT,53709.90237235845
9.35,9.36,9.33,9.33,5783.4,NEOUSDT,54022.723546977664
9.32,9.35,9.26,9.27,10728.15,NEOUSDT,99755.74670677425
9.28,9.28,9.26,9.27,3412.23,NEOUSDT,31634.813396654732
9.27,9.31,9.17,9.2,92531.89,NEOUSDT,854625.8451927463
9.2,9.26,9.2,9.25,7032.36,NEOUSDT,64880.66416625938
9.24,9.26,9.23,9.25,3936.7,NEOUSDT,36388.937397787224
9.25,9.25,9.17,9.18,3710.62,NEOUSDT,34178.58823964626
9.17,9.19,9.14,9.15,13756.95,NEOUSDT,126027.77954545378
9.15,9.17,9.14,9.15,4437.55,NEOUSDT,40608.14350430509
9.15,9.17,9.1,9.11,2453.23,NEOUSDT,22400.519271819474
9.1,9.34,9.1,9.15,158886.87,NEOUSDT,1457155.393923245
9.14,9.16,9.04,9.07,92327.32,NEOUSDT,840274.2504431362
9.07,9.23,9.06,9.21,25900.61,NEOUSDT,236758.23823581412
9.21,9.24,9.19,9.19,12647.14,NEOUSDT,116429.81080209168
9.19,9.21,9.16,9.18,5981.41,NEOUSDT,54930.413871500765
9.18,9.31,9.18,9.27,25940.09,NEOUSDT,239518.1984497945
9.27,9.41,9.25,9.39,55297.2,NEOUSDT,515839.8898053954
9.39,9.54,9.39,9.46,98597.64,NEOUSDT,931104.9174799287
9.45,9.77,9.45,9.69,245164.72,NEOUSDT,2350751.4855934167
9.69,9.83,9.63,9.72,235853.15,NEOUSDT,2291534.3325298424
9.72,9.75,9.62,9.69,59383.57,NEOUSDT,575631.1059910614
9.69,9.8,9.69,9.73,44055.08,NEOUSDT,428476.85910956585
9.73,9.77,9.59,9.66,74506.77,NEOUSDT,721668.2353648159
9.66,9.72,9.59,9.7,39879.97,NEOUSDT,385477.59592873557
9.7,9.78,9.66,9.67,34940.61,NEOUSDT,338956.73856245773
9.67,9.7,9.64,9.66,22561.26,NEOUSDT,218075.8978986981
9.66,9.79,9.66,9.78,28452.17,NEOUSDT,276581.72749705863
9.79,9.88,9.78,9.81,52068.73,NEOUSDT,510972.3818200109
9.81,9.89,9.78,9.86,22551.15,NEOUSDT,221754.88523838384
9.86,9.87,9.81,9.85,21557.0,NEOUSDT,212248.41185062611
9.85,9.88,9.8,9.83,16485.54,NEOUSDT,162191.62088076747
9.82,9.92,9.82,9.87,29030.2,NEOUSDT,286119.166828143
9.87,9.9,9.83,9.85,12623.78,NEOUSDT,124482.00409843429
9.84,9.9,9.84,9.86,14882.41,NEOUSDT,146716.95938050578
9.85,9.93,9.69,9.71,58412.44,NEOUSDT,572057.8194966597
9.72,9.86,9.71,9.83,23397.58,NEOUSDT,228791.5253627335
9.83,9.88,9.75,9.8,32828.26,NEOUSDT,322157.54452253
9.8,10.21,9.78,10.15,104915.05,NEOUSDT,1047408.2715258619
10.16,10.2,10.08,10.1,56584.55,NEOUSDT,573392.1692819679
10.11,10.25,10.11,10.24,35474.67,NEOUSDT,360985.38008543616
10.24,10.28,10.07,10.11,56174.58,NEOUSDT,571484.4134438613
10.11,10.27,10.11,10.24,39505.58,NEOUSDT,402200.8639333309
10.23,10.4,10.1,10.34,115879.57,NEOUSDT,1189602.106692942
10.33,10.37,10.22,10.27,80015.04,NEOUSDT,823822.3412584526
10.27,10.35,10.24,10.32,37293.61,NEOUSDT,383875.9585685503
10.31,10.35,10.25,10.27,28810.75,NEOUSDT,296558.96206692944
10.27,10.49,10.24,10.44,114117.21,NEOUSDT,1182064.1299965528
10.44,10.47,10.31,10.33,56749.83,NEOUSDT,589394.0398420097
10.32,10.45,10.32,10.33,53805.77,NEOUSDT,557069.1293653279
10.33,10.4,10.26,10.36,122425.53,NEOUSDT,1265370.3488105512
10.36,10.4,10.28,10.3,29781.32,NEOUSDT,307740.4341877972
10.3,10.35,10.22,10.22,36221.53,NEOUSDT,372025.81694547506
10.22,10.27,10.21,10.23,14414.81,NEOUSDT,147475.81802345617
10.23,10.24,10.15,10.21,25696.62,NEOUSDT,262256.0579767046
10.2,10.26,10.18,10.23,93929.11,NEOUSDT,959566.3103533929
10.22,10.24,10.19,10.2,7061.03,NEOUSDT,72099.16985782645
10.19,10.2,10.15,10.16,7450.83,NEOUSDT,75800.00085839404
10.16,10.2,10.15,10.18,14158.25,NEOUSDT,144001.6317362216
10.18,10.19,10.08,10.11,24217.16,NEOUSDT,245522.50375191393
10.1,10.13,10.05,10.08,29085.64,NEOUSDT,293426.90228979255
10.07,10.19,10.04,10.16,33624.08,NEOUSDT,340052.86289749417
10.15,10.37,10.02,10.28,137188.22,NEOUSDT,1399780.5941694668
10.28,10.38,10.19,10.36,80688.24,NEOUSDT,831156.8795081804
10.36,10.78,10.36,10.64,294527.46,NEOUSDT,3102347.6981936516
10.64,10.64,10.29,10.36,88649.07,NEOUSDT,929114.4041805012
10.37,10.53,10.36,10.44,47769.29,NEOUSDT,497914.74577865895
10.44,10.52,10.39,10.42,41915.89,NEOUSDT,437636.2762053089
10.43,10.47,10.31,10.32,49717.65,NEOUSDT,516110.47140034405
10.32,10.42,10.32,10.34,27807.1,NEOUSDT,287757.1918094378
10.35,10.39,10.31,10.37,22950.37,NEOUSDT,237612.85517356484
10.38,10.41,10.27,10.27,34370.33,NEOUSDT,355074.3118337245
10.28,10.29,10.03,10.16,74023.12,NEOUSDT,754174.2643538982
10.16,10.27,10.06,10.15,71430.42,NEOUSDT,725616.3330361409
10.16,10.42,10.09,10.39,80387.09,NEOUSDT,825040.7496959269
10.38,10.38,10.24,10.25,57539.29,NEOUSDT,593278.4839286611
10.25,10.3,10.21,10.24,18828.26,NEOUSDT,192958.62261238473
10.24,10.28,10.16,10.22,28240.56,NEOUSDT,288713.2789980729
10.21,10.46,10.21,10.44,42739.43,NEOUSDT,441427.2968965309
10.44,10.44,10.29,10.38,32407.73,NEOUSDT,336581.14758773893
10.38,10.46,10.34,10.37,20789.06,NEOUSDT,215911.62577787339
10.37,10.48,10.36,10.46,20114.97,NEOUSDT,209513.99422745904
10.46,10.6,10.41,10.57,84308.44,NEOUSDT,885939.1781578474
10.57,10.66,10.33,10.34,102037.72,NEOUSDT,1068673.1932629307
10.35,10.61,10.24,10.6,80085.72,NEOUSDT,836761.1593147522
10.61,10.77,10.55,10.64,177486.85,NEOUSDT,1888599.970948589
10.64,10.77,10.04,10.2,175602.37,NEOUSDT,1828165.569885854
10.19,10.28,9.94,9.96,124868.86,NEOUSDT,1260036.260111748
9.97,10.05,9.95,10.0,63449.17,NEOUSDT,633913.8497785474
9.99,10.01,9.82,9.91,65425.85,NEOUSDT,649737.7279982632
9.91,9.94,9.77,9.78,25830.84,NEOUSDT,254392.8483274521
9.78,10.06,9.78,9.98,53261.58,NEOUSDT,527204.8274610844
9.98,10.05,9.92,9.97,27789.58,NEOUSDT,277295.39825964894
9.96,10.0,9.94,9.99,12324.68,NEOUSDT,122888.1015689014
9.99,10.01,9.88,9.92,33074.35,NEOUSDT,329036.8484084849
9.93,10.07,9.93,9.98,39061.26,NEOUSDT,389671.03298087255
9.97,9.99,9.89,9.95,24931.78,NEOUSDT,248031.30874571064
9.95,10.0,9.93,10.0,9306.58,NEOUSDT,92771.67787497178
10.0,10.01,9.9,9.92,20523.18,NEOUSDT,204326.69361399388
9.93,9.94,9.85,9.88,15506.07,NEOUSDT,153485.40090154094
9.87,9.92,9.83,9.89,9738.46,NEOUSDT,96176.16622492314
9.9,9.93,9.88,9.92,10823.32,NEOUSDT,107214.79462589954
9.92,9.99,9.89,9.93,8948.73,NEOUSDT,88868.96385251239
9.93,9.97,9.91,9.96,5681.26,NEOUSDT,56476.841788553575
9.95,9.97,9.91,9.97,8124.27,NEOUSDT,80823.4839511465
9.96,10.01,9.9,9.92,10568.36,NEOUSDT,105111.85113877707
9.92,9.95,9.88,9.89,8937.08,NEOUSDT,88552.21688445861
9.89,9.89,9.67,9.7,56959.92,NEOUSDT,557405.5438943456
9.7,9.76,9.63,9.67,46584.06,NEOUSDT,451326.9337837659
9.66,9.68,9.62,9.67,18193.96,NEOUSDT,175679.90604106462
9.66,9.72,9.65,9.71,17941.52,NEOUSDT,173735.67132153
9.71,9.82,9.7,9.73,25601.89,NEOUSDT,249322.2986565767
9.72,9.72,9.63,9.64,16277.57,NEOUSDT,157500.84558835588
9.64,9.75,9.63,9.75,14514.06,NEOUSDT,140654.89856985444
9.75,9.76,9.72,9.75,7901.94,NEOUSDT,76992.01914140748
9.75,9.76,9.68,9.7,13076.46,NEOUSDT,127115.432543324
9.71,9.72,9.64,9.65,14641.56,NEOUSDT,141707.50348111632
9.66,9.71,9.65,9.67,11464.71,NEOUSDT,110874.57043125764
9.68,9.72,9.65,9.69,11274.48,NEOUSDT,109175.77505145401
9.69,9.7,9.61,9.65,20315.9,NEOUSDT,196270.80851157382
9.22,9.28,9.21,9.22,952.27,NEOBUSD,8790.41860869814
9.22,9.23,9.21,9.23,388.22,NEOBUSD,3579.7830492628927
9.24,9.29,9.24,9.26,565.84,NEOBUSD,5237.421225267771
9.26,9.26,9.22,9.23,428.82,NEOBUSD,3962.731342120477
9.23,9.32,9.23,9.31,418.94,NEOBUSD,3883.996308688023
9.31,9.32,9.29,9.3,326.5,NEOBUSD,3037.593824429875
9.3,9.32,9.26,9.26,436.3,NEOBUSD,4050.393889331325
9.27,9.27,9.22,9.23,806.49,NEOBUSD,7456.816653082165
9.24,9.28,9.24,9.27,757.86,NEOBUSD,7014.760444262393
9.28,9.28,9.21,9.23,1223.21,NEOBUSD,11312.872531711377
9.23,9.23,9.17,9.17,993.76,NEOBUSD,9141.1214140768
9.16,9.2,9.16,9.19,548.47,NEOBUSD,5032.77377310609
9.19,9.21,9.18,9.2,421.25,NEOBUSD,3872.7707146153125
9.21,9.24,9.18,9.23,675.58,NEOBUSD,6224.468333198755
9.21,9.23,9.18,9.22,323.08,NEOBUSD,2975.08818008022
9.23,9.25,9.21,9.25,609.26,NEOBUSD,5625.611074885315
9.25,9.25,9.2,9.2,277.86,NEOBUSD,2562.846199870275
9.2,9.25,9.19,9.23,507.15,NEOBUSD,4673.903206723144
9.23,9.29,9.23,9.29,527.32,NEOBUSD,4882.197772152281
9.29,9.32,9.29,9.31,445.78,NEOBUSD,4146.201426209817
9.31,9.34,9.3,9.33,314.21,NEOBUSD,2927.96616087638
9.34,9.36,9.29,9.36,591.33,NEOBUSD,5520.6557346677055
9.37,9.42,9.37,9.42,735.83,NEOBUSD,6912.010874189577
9.42,9.44,9.4,9.41,1234.34,NEOBUSD,11622.527165750593
9.4,9.48,9.39,9.48,1049.33,NEOBUSD,9901.458969105906
9.48,9.48,9.45,9.46,328.56,NEOBUSD,3110.1414532664703
9.45,9.48,9.41,9.41,850.13,NEOBUSD,8021.811359063407
9.4,9.42,9.37,9.41,1009.8,NEOBUSD,9490.593192498
9.42,9.43,9.35,9.36,705.43,NEOBUSD,6622.922231578455
9.34,9.37,9.34,9.36,478.09,NEOBUSD,4470.617510487783
9.36,9.47,9.35,9.47,1407.75,NEOBUSD,13248.315540620157
9.46,9.49,9.42,9.42,914.69,NEOBUSD,8640.143784292293
9.42,9.42,9.33,9.34,786.42,NEOBUSD,7373.467336976483
9.34,9.4,9.34,9.35,679.18,NEOBUSD,6354.404579591177
9.34,9.38,9.31,9.33,918.25,NEOBUSD,8575.07547721325
9.32,9.36,9.25,9.33,1226.94,NEOBUSD,11427.107754019815
9.33,9.39,9.32,9.38,1024.23,NEOBUSD,9580.130438115099
9.36,9.45,9.35,9.44,948.64,NEOBUSD,8915.781665806398
9.44,9.49,9.43,9.48,700.51,NEOBUSD,6625.7586752630905
9.49,9.53,9.49,9.49,1473.37,NEOBUSD,13994.763580137249
9.49,9.54,9.49,9.52,694.6,NEOBUSD,6604.583481840901
9.53,9.54,9.49,9.51,570.47,NEOBUSD,5428.5748982530085
9.51,9.52,9.48,9.52,419.46,NEOBUSD,3987.3744776344424
9.51,9.52,9.5,9.51,638.16,NEOBUSD,6067.925417177639
9.51,9.54,9.51,9.53,192.73,NEOBUSD,1834.9762215912885
9.52,9.53,9.49,9.49,765.56,NEOBUSD,7277.390943350554
9.5,9.52,9.45,9.45,871.94,NEOBUSD,8264.661615315481
9.46,9.51,9.45,9.5,301.54,NEOBUSD,2858.13939431868
9.51,9.52,9.5,9.52,165.76,NEOBUSD,1576.5383730067997
9.53,9.53,9.51,9.52,179.69,NEOBUSD,1710.822794882679
9.5,9.51,9.46,9.46,324.7,NEOBUSD,3078.472498037412
9.46,9.48,9.43,9.46,704.51,NEOBUSD,6661.831597000173
9.46,9.53,9.45,9.52,368.62,NEOBUSD,3497.6411139187703
9.51,9.53,9.51,9.52,259.27,NEOBUSD,2467.205311182108
9.52,9.54,9.52,9.52,266.31,NEOBUSD,2536.194737447662
9.52,9.54,9.51,9.52,386.99,NEOBUSD,3684.519524690567
9.52,9.53,9.5,9.5,159.97,NEOBUSD,1521.4698572025686
9.5,9.5,9.44,9.44,390.93,NEOBUSD,3701.511616072965
9.44,9.51,9.44,9.51,844.04,NEOBUSD,7995.99263767285
9.5,9.52,9.44,9.48,353.39,NEOBUSD,3351.3649962174723
9.48,9.49,9.4,9.42,1840.93,NEOBUSD,17389.38864185375
9.43,9.45,9.41,9.43,811.55,NEOBUSD,7651.685528380975
9.43,9.43,9.3,9.31,1321.91,NEOBUSD,12381.000120748864
9.31,9.39,9.31,9.37,738.9,NEOBUSD,6903.909827452576
9.37,9.44,9.36,9.42,554.46,NEOBUSD,5209.699734986827
9.41,9.41,9.36,9.39,380.89,NEOBUSD,3576.9338826250737
9.39,9.47,9.39,9.46,404.77,NEOBUSD,3815.355376358201
9.47,9.49,9.46,9.48,420.14,NEOBUSD,3980.1861840574757
9.48,9.48,9.45,9.45,341.26,NEOBUSD,3229.506350333985
9.44,9.45,9.37,9.39,774.01,NEOBUSD,7284.197273376243
9.39,9.4,9.32,9.32,2193.79,NEOBUSD,20525.087933480565
9.34,9.4,9.34,9.39,560.36,NEOBUSD,5248.327970635545
9.39,9.45,9.37,9.44,323.04,NEOBUSD,3040.1249172381
9.43,9.47,9.43,9.46,2307.8,NEOBUSD,21799.433497020575
9.46,9.48,9.45,9.48,837.24,NEOBUSD,7925.294711263756
9.47,9.5,9.46,9.47,583.57,NEOBUSD,5528.436357953113
9.47,9.49,9.41,9.41,664.08,NEOBUSD,6271.226710903741
9.41,9.45,9.41,9.43,282.07,NEOBUSD,2658.082128706713
9.43,9.43,9.4,9.42,215.83,NEOBUSD,2032.79157287319
9.42,9.42,9.4,9.42,334.05,NEOBUSD,3144.574863761363
9.43,9.43,9.4,9.41,616.11,NEOBUSD,5801.282638568464
9.41,9.45,9.41,9.45,434.18,NEOBUSD,4093.65882904621
9.45,9.45,9.42,9.43,489.76,NEOBUSD,4621.3665336065
9.42,9.42,9.35,9.37,978.87,NEOBUSD,9190.110832861095
9.38,9.48,9.35,9.45,1597.13,NEOBUSD,15034.56025193589
9.44,9.48,9.44,9.47,804.55,NEOBUSD,7607.807712263118
9.46,9.53,9.46,9.52,685.53,NEOBUSD,6506.346810751504
9.51,9.51,9.47,9.49,448.4,NEOBUSD,4256.8731717957
9.49,9.49,9.44,9.46,261.68,NEOBUSD,2477.7109960708403
9.46,9.48,9.46,9.47,368.7,NEOBUSD,3490.105776172838
9.48,9.49,9.48,9.48,663.75,NEOBUSD,6292.996983592031
9.48,9.51,9.48,9.51,292.13,NEOBUSD,2773.3281883958025
9.5,9.5,9.48,9.48,266.31,NEOBUSD,2526.875386706385
9.48,9.48,9.37,9.37,1039.89,NEOBUSD,9799.38676506124
9.4,9.41,9.39,9.4,370.52,NEOBUSD,3482.3277774652
9.41,9.41,9.37,9.37,2014.66,NEOBUSD,18914.61449480721
9.38,9.42,9.38,9.41,276.49,NEOBUSD,2597.8968360684416
9.4,9.4,9.39,9.4,550.36,NEOBUSD,5171.176182497116
9.4,9.4,9.38,9.39,270.22,NEOBUSD,2537.633106048853
9.39,9.39,9.38,9.39,39.33,NEOBUSD,369.15098751118126
9.38,9.38,9.36,9.37,153.69,NEOBUSD,1440.2278270854038
9.37,9.4,9.37,9.4,204.72,NEOBUSD,1920.98815934538
9.41,9.41,9.39,9.4,193.35,NEOBUSD,1817.6809539826313
9.4,9.42,9.4,9.42,370.43,NEOBUSD,3485.185617707645
9.4,9.41,9.38,9.38,808.23,NEOBUSD,7590.079214350768
9.38,9.4,9.38,9.39,171.15,NEOBUSD,1606.412192029969
9.39,9.41,9.39,9.39,210.64,NEOBUSD,1978.64448383362
9.39,9.41,9.38,9.41,146.88,NEOBUSD,1380.0827779729202
9.42,9.42,9.4,9.42,304.75,NEOBUSD,2868.7597357619375
9.42,9.42,9.4,9.4,781.26,NEOBUSD,7350.474086035891
9.4,9.44,9.39,9.44,265.73,NEOBUSD,2502.109745900567
9.45,9.45,9.43,9.44,158.09,NEOBUSD,1492.5247137778988
9.43,9.43,9.39,9.43,595.06,NEOBUSD,5604.56356092258
9.44,9.45,9.42,9.42,110.14,NEOBUSD,1038.7284436507828
9.42,9.42,9.4,9.4,220.57,NEOBUSD,2075.229845578855
9.41,9.42,9.4,9.41,78.47,NEOBUSD,738.283927925705
9.4,9.42,9.4,9.42,97.29,NEOBUSD,915.351642001935
9.42,9.43,9.4,9.43,123.22,NEOBUSD,1160.54569619346
9.44,9.45,9.38,9.38,327.47,NEOBUSD,3081.815585215332
9.38,9.39,9.37,9.38,283.73,NEOBUSD,2660.9593158367106
9.39,9.39,9.37,9.39,98.33,NEOBUSD,922.6786132690075
9.38,9.4,9.38,9.4,234.79,NEOBUSD,2204.323477527615
9.4,9.42,9.4,9.41,169.87,NEOBUSD,1597.7949783317788
9.4,9.4,9.39,9.39,150.22,NEOBUSD,1411.089889676635
9.39,9.41,9.39,9.41,195.84,NEOBUSD,1840.5998918784003
9.41,9.43,9.41,9.42,224.22,NEOBUSD,2111.252200450928
9.41,9.42,9.4,9.4,1394.89,NEOBUSD,13120.316932508475
9.4,9.41,9.37,9.38,172.46,NEOBUSD,1619.1389196065102
9.37,9.37,9.29,9.32,1163.38,NEOBUSD,10861.313426678362
9.31,9.33,9.3,9.32,539.45,NEOBUSD,5024.168482489763
9.32,9.37,9.32,9.34,353.22,NEOBUSD,3297.6612358570123
9.34,9.36,9.33,9.33,469.1,NEOBUSD,4380.689252775101
9.32,9.35,9.27,9.27,973.54,NEOBUSD,9054.899135161528
9.28,9.29,9.27,9.27,105.03,NEOBUSD,974.2590902145488
9.29,9.3,9.13,9.2,5457.86,NEOBUSD,50367.94481271137
9.21,9.26,9.21,9.25,948.45,NEOBUSD,8755.15613158007
9.24,9.27,9.23,9.25,369.36,NEOBUSD,3415.1071916358896
9.26,9.26,9.18,9.18,768.2,NEOBUSD,7081.6647309765995
9.18,9.18,9.14,9.16,724.57,NEOBUSD,6639.615895970557
9.16,9.17,9.15,9.15,386.18,NEOBUSD,3535.874513087152
9.15,9.17,9.11,9.11,534.71,NEOBUSD,4883.790165974528
9.11,9.34,9.11,9.15,9594.19,NEOBUSD,88036.51577332709
9.14,9.16,9.05,9.07,3627.31,NEOBUSD,33021.345212133085
9.07,9.23,9.07,9.21,986.34,NEOBUSD,9018.628420244595
9.21,9.25,9.19,9.19,614.12,NEOBUSD,5655.13542512958
9.19,9.21,9.17,9.18,501.67,NEOBUSD,4608.351752370844
9.18,9.31,9.18,9.27,832.18,NEOBUSD,7683.946138427044
9.27,9.41,9.26,9.38,2672.13,NEOBUSD,24926.962753009037
9.39,9.54,9.39,9.47,5222.93,NEOBUSD,49335.6942519255
9.46,9.77,9.46,9.69,10605.03,NEOBUSD,101738.8955159706
9.69,9.83,9.63,9.72,15796.26,NEOBUSD,153475.46604981893
9.73,9.75,9.63,9.69,3514.43,NEOBUSD,34084.48762816465
9.69,9.79,9.69,9.72,2146.95,NEOBUSD,20870.363836916826
9.72,9.76,9.59,9.65,4627.55,NEOBUSD,44787.4787750786
9.65,9.72,9.6,9.7,3556.95,NEOBUSD,34381.28300594799
9.71,9.77,9.66,9.68,2760.62,NEOBUSD,26787.507636219467
9.68,9.7,9.65,9.67,927.66,NEOBUSD,8973.666853476076
9.66,9.78,9.66,9.78,2606.59,NEOBUSD,25331.97949558542
9.79,9.87,9.79,9.82,4759.08,NEOBUSD,46714.752623208275
9.81,9.89,9.78,9.86,1662.82,NEOBUSD,16351.204185688506
9.86,9.86,9.81,9.85,1441.32,NEOBUSD,14187.512971409911
9.85,9.87,9.81,9.83,945.68,NEOBUSD,9303.99441174048
9.83,9.91,9.83,9.88,2757.42,NEOBUSD,27190.680425443465
9.88,9.9,9.83,9.84,1344.09,NEOBUSD,13253.95538330552
9.85,9.9,9.84,9.86,1701.86,NEOBUSD,16781.89444801489
9.86,9.93,9.69,9.72,7737.14,NEOBUSD,75811.7757141038
9.73,9.86,9.72,9.82,3141.27,NEOBUSD,30724.530939143293
9.85,9.88,9.75,9.8,3014.65,NEOBUSD,29599.101218636453
9.81,10.21,9.79,10.15,7251.56,NEOBUSD,72431.43192987426
10.16,10.2,10.09,10.09,3552.13,NEOBUSD,35995.04681528009
10.11,10.26,10.11,10.25,2633.42,NEOBUSD,26810.48598955672
10.25,10.28,10.07,10.1,3383.04,NEOBUSD,34416.8951518128
10.11,10.26,10.11,10.24,2379.78,NEOBUSD,24222.26362209966
10.23,10.41,10.09,10.35,8469.76,NEOBUSD,86970.44375359807
10.34,10.36,10.22,10.27,4850.92,NEOBUSD,49944.3138647116
10.29,10.34,10.23,10.31,2920.04,NEOBUSD,30049.677431793054
10.31,10.35,10.25,10.26,972.97,NEOBUSD,10012.682925854335
10.27,10.49,10.25,10.45,7282.33,NEOBUSD,75469.2092747801
10.43,10.47,10.32,10.32,3839.66,NEOBUSD,39868.45522730526
10.33,10.44,10.33,10.34,2522.04,NEOBUSD,26124.13165741176
10.33,10.39,10.27,10.37,17120.9,NEOBUSD,177001.6307074499
10.38,10.4,10.3,10.3,1858.05,NEOBUSD,19218.43546734184
10.3,10.33,10.22,10.23,1823.61,NEOBUSD,18725.462224844505
10.22,10.27,10.22,10.24,1350.82,NEOBUSD,13826.795352173212
10.23,10.25,10.16,10.21,1662.53,NEOBUSD,16975.85661918052
10.2,10.27,10.18,10.23,3452.89,NEOBUSD,35282.85963901657
10.22,10.23,10.2,10.2,625.95,NEOBUSD,6391.486139062782
10.19,10.2,10.16,10.16,1030.85,NEOBUSD,10489.788321105507
10.16,10.2,10.16,10.17,1157.93,NEOBUSD,11777.148265945514
10.19,10.2,10.09,10.1,2126.47,NEOBUSD,21569.56812681357
10.11,10.12,10.05,10.08,2673.5,NEOBUSD,26971.275972327247
10.07,10.19,10.05,10.16,1479.74,NEOBUSD,14968.861321308967
10.17,10.36,10.02,10.28,8578.59,NEOBUSD,87551.8724407482
10.27,10.37,10.19,10.37,7155.52,NEOBUSD,73690.0010564624
10.38,10.78,10.37,10.65,19726.96,NEOBUSD,207987.33305541376
10.64,10.64,10.3,10.36,7504.34,NEOBUSD,78670.34873866184
10.37,10.53,10.37,10.44,4699.02,NEOBUSD,48991.149555855605
10.43,10.51,10.4,10.42,3253.6,NEOBUSD,33962.12031411359
10.43,10.46,10.31,10.32,3590.31,NEOBUSD,37261.42333584687
10.32,10.42,10.32,10.35,1030.24,NEOBUSD,10663.84404473834
10.35,10.38,10.32,10.37,1447.35,NEOBUSD,14984.898541307139
10.38,10.4,10.28,10.28,3691.4,NEOBUSD,38144.48247293386
10.28,10.28,10.04,10.15,6581.25,NEOBUSD,67035.69994798828
10.16,10.26,10.06,10.17,3661.4,NEOBUSD,37202.992435969136
10.16,10.41,10.1,10.37,6538.04,NEOBUSD,67069.50053528916
10.38,10.38,10.25,10.25,9002.13,NEOBUSD,92842.0349062227
10.24,10.29,10.21,10.25,3437.51,NEOBUSD,35220.21764160284
10.24,10.27,10.15,10.21,4041.61,NEOBUSD,41288.50785009435
10.22,10.46,10.21,10.44,4565.02,NEOBUSD,47160.48216607723
10.44,10.44,10.3,10.38,1836.69,NEOBUSD,19080.139565816266
10.38,10.45,10.34,10.37,1016.33,NEOBUSD,10552.889344673007
10.37,10.48,10.36,10.47,996.35,NEOBUSD,10380.29706060805
10.46,10.61,10.41,10.58,2597.89,NEOBUSD,27312.419440572652
10.58,10.67,10.34,10.35,10351.42,NEOBUSD,108517.18090336511
10.35,10.61,10.26,10.61,4881.89,NEOBUSD,51044.15290214203
10.6,10.75,10.55,10.64,11150.67,NEOBUSD,118568.3006706589
10.64,10.73,10.05,10.2,18801.63,NEOBUSD,195599.4929100599
10.2,10.28,9.94,9.97,8215.07,NEOBUSD,82938.32654898906
9.98,10.06,9.96,10.0,5549.5,NEOBUSD,55486.07362925
10.0,10.01,9.82,9.91,8820.48,NEOBUSD,87617.37327824351
9.92,9.93,9.79,9.8,2771.31,NEOBUSD,27320.721354994886
9.8,10.06,9.8,9.98,5010.48,NEOBUSD,49645.86997713371
9.99,10.06,9.93,9.96,2600.62,NEOBUSD,25963.013877375903
9.97,10.0,9.95,10.0,858.87,NEOBUSD,8570.14387058979
10.0,10.01,9.87,9.93,2805.21,NEOBUSD,27914.361777571354
9.94,10.08,9.94,9.98,4939.29,NEOBUSD,49310.87771930695
9.98,9.99,9.9,9.95,1800.71,NEOBUSD,17923.184641954154
9.96,9.99,9.94,9.99,900.83,NEOBUSD,8979.830461900166
10.0,10.0,9.91,9.93,2098.48,NEOBUSD,20897.49889654032
9.93,9.93,9.86,9.88,2086.26,NEOBUSD,20650.651808282102
9.88,9.93,9.84,9.88,2748.11,NEOBUSD,27153.82867900049
9.9,9.94,9.88,9.93,691.66,NEOBUSD,6854.976949572212
9.92,9.99,9.9,9.93,2458.18,NEOBUSD,24418.090018356444
9.93,9.96,9.92,9.96,1546.16,NEOBUSD,15370.223101880572
9.95,9.97,9.92,9.97,887.33,NEOBUSD,8829.731334228949
9.96,10.0,9.91,9.92,1411.18,NEOBUSD,14035.455083855908
9.92,9.95,9.89,9.89,1456.88,NEOBUSD,14439.00011319545
9.89,9.9,9.68,9.7,4718.05,NEOBUSD,46194.073112981074
9.7,9.75,9.64,9.67,2886.92,NEOBUSD,27969.75514111542
9.66,9.68,9.63,9.65,1159.53,NEOBUSD,11193.46139208317
9.66,9.72,9.66,9.71,1521.42,NEOBUSD,14736.385521057187
9.71,9.82,9.71,9.72,1880.89,NEOBUSD,18316.92184913569
9.71,9.71,9.64,9.64,1965.88,NEOBUSD,19016.829650854354
9.64,9.76,9.63,9.76,1183.12,NEOBUSD,11471.46071869773
9.75,9.77,9.72,9.75,978.67,NEOBUSD,9538.05138262005
9.76,9.76,9.68,9.71,1279.14,NEOBUSD,12440.832920094801
9.71,9.71,9.64,9.65,1385.0,NEOBUSD,13401.181573163125
9.66,9.7,9.66,9.67,1351.2,NEOBUSD,13067.3797738203
9.68,9.71,9.66,9.7,1124.61,NEOBUSD,10892.90696903953
9.69,9.69,9.62,9.64,1103.58,NEOBUSD,10658.86804525662
