open,high,low,close,volume,name
113.60000000,114.10000000,113.40000000,113.70000000,11.85400000,GNOUSDT
113.40000000,114.80000000,113.40000000,114.00000000,28.80600000,GNOUSDT
114.20000000,115.50000000,114.00000000,114.10000000,41.72000000,GNOUSDT
114.10000000,115.40000000,113.30000000,115.00000000,117.23300000,GNOUSDT
115.00000000,115.50000000,113.80000000,114.80000000,127.28400000,GNOUSDT
114.60000000,114.80000000,114.50000000,114.70000000,6.55200000,GNOUSDT
114.90000000,115.30000000,114.70000000,114.80000000,59.01500000,GNOUSDT
114.60000000,115.10000000,114.50000000,114.60000000,42.39400000,GNOUSDT
114.80000000,115.20000000,114.60000000,114.60000000,14.70000000,GNOUSDT
114.70000000,115.20000000,114.50000000,114.90000000,65.64300000,GNOUSDT
114.70000000,115.20000000,114.30000000,114.30000000,37.29600000,GNOUSDT
114.30000000,115.60000000,114.10000000,115.10000000,121.28400000,GNOUSDT
114.80000000,115.10000000,114.30000000,114.90000000,17.78000000,GNOUSDT
115.10000000,115.50000000,114.70000000,115.00000000,46.26200000,GNOUSDT
115.30000000,115.50000000,115.00000000,115.10000000,11.38200000,GNOUSDT
115.40000000,116.00000000,114.60000000,115.20000000,142.26600000,GNOUSDT
115.20000000,115.60000000,114.80000000,114.90000000,25.37100000,GNOUSDT
114.90000000,116.00000000,114.80000000,115.00000000,35.79200000,GNOUSDT
115.30000000,116.40000000,115.20000000,115.90000000,36.76100000,GNOUSDT
115.80000000,116.20000000,115.60000000,116.10000000,3.71300000,GNOUSDT
115.80000000,116.10000000,115.40000000,116.10000000,21.59200000,GNOUSDT
115.80000000,116.00000000,115.00000000,115.80000000,17.85000000,GNOUSDT
115.70000000,116.30000000,115.70000000,116.30000000,16.08500000,GNOUSDT
116.30000000,117.30000000,115.80000000,116.10000000,128.90500000,GNOUSDT
116.10000000,116.20000000,116.00000000,116.10000000,17.66500000,GNOUSDT
116.20000000,116.30000000,116.00000000,116.00000000,12.72500000,GNOUSDT
116.10000000,116.20000000,115.60000000,115.70000000,26.08800000,GNOUSDT
115.60000000,116.10000000,115.10000000,116.00000000,32.80100000,GNOUSDT
116.00000000,116.50000000,114.90000000,114.90000000,53.42300000,GNOUSDT
115.00000000,115.30000000,114.80000000,115.30000000,9.93000000,GNOUSDT
115.20000000,115.70000000,115.00000000,115.70000000,7.63000000,GNOUSDT
115.80000000,116.00000000,115.30000000,115.30000000,11.24400000,GNOUSDT
115.40000000,115.40000000,114.00000000,114.10000000,82.96300000,GNOUSDT
114.00000000,114.50000000,113.80000000,114.20000000,61.13300000,GNOUSDT
114.30000000,114.30000000,113.80000000,113.80000000,4.19500000,GNOUSDT
113.60000000,114.20000000,113.10000000,113.80000000,36.09300000,GNOUSDT
113.70000000,114.10000000,113.50000000,113.70000000,4.02000000,GNOUSDT
113.70000000,114.30000000,113.70000000,114.30000000,2.60200000,GNOUSDT
114.40000000,114.90000000,114.10000000,114.90000000,11.80800000,GNOUSDT
115.00000000,115.50000000,115.00000000,115.50000000,29.65700000,GNOUSDT
115.50000000,116.60000000,115.50000000,116.50000000,54.80500000,GNOUSDT
116.20000000,116.40000000,115.60000000,115.80000000,15.33900000,GNOUSDT
115.70000000,115.70000000,115.50000000,115.70000000,1.57400000,GNOUSDT
115.70000000,115.80000000,115.40000000,115.50000000,3.48800000,GNOUSDT
115.50000000,115.50000000,115.30000000,115.50000000,2.26800000,GNOUSDT
115.30000000,115.40000000,115.10000000,115.30000000,11.35000000,GNOUSDT
115.30000000,115.60000000,115.20000000,115.30000000,21.88000000,GNOUSDT
115.00000000,115.50000000,115.00000000,115.40000000,2.98300000,GNOUSDT
115.40000000,115.50000000,115.20000000,115.50000000,3.28300000,GNOUSDT
115.40000000,115.40000000,115.30000000,115.40000000,12.61400000,GNOUSDT
115.10000000,115.40000000,115.00000000,115.20000000,6.10100000,GNOUSDT
114.90000000,114.90000000,114.50000000,114.80000000,18.58800000,GNOUSDT
114.90000000,115.30000000,114.80000000,115.30000000,2.37800000,GNOUSDT
115.40000000,115.60000000,114.90000000,115.60000000,10.20500000,GNOUSDT
115.50000000,115.70000000,115.40000000,115.70000000,4.03800000,GNOUSDT
115.50000000,115.50000000,115.20000000,115.20000000,17.84700000,GNOUSDT
115.20000000,115.30000000,115.00000000,115.20000000,6.36400000,GNOUSDT
115.10000000,115.20000000,114.50000000,114.50000000,12.23300000,GNOUSDT
114.70000000,114.90000000,114.40000000,114.90000000,35.10900000,GNOUSDT
114.60000000,115.50000000,114.40000000,114.60000000,21.58000000,GNOUSDT
114.40000000,114.50000000,114.00000000,114.30000000,3.16700000,GNOUSDT
114.20000000,114.70000000,114.10000000,114.30000000,6.18600000,GNOUSDT
114.30000000,114.40000000,112.60000000,112.60000000,74.64100000,GNOUSDT
112.60000000,114.10000000,112.60000000,113.40000000,33.82700000,GNOUSDT
113.40000000,114.00000000,112.90000000,114.00000000,4.72300000,GNOUSDT
113.90000000,114.00000000,113.70000000,113.70000000,1.61600000,GNOUSDT
114.00000000,114.80000000,114.00000000,114.80000000,13.89500000,GNOUSDT
114.90000000,115.20000000,114.80000000,114.80000000,1.77300000,GNOUSDT
114.80000000,114.80000000,113.60000000,113.80000000,22.85200000,GNOUSDT
113.50000000,114.00000000,113.50000000,113.90000000,20.97000000,GNOUSDT
114.00000000,114.00000000,113.70000000,113.70000000,2.88100000,GNOUSDT
113.60000000,113.60000000,113.40000000,113.40000000,0.35600000,GNOUSDT
113.60000000,114.00000000,113.60000000,114.00000000,8.64600000,GNOUSDT
114.00000000,114.60000000,113.80000000,114.30000000,4.13300000,GNOUSDT
114.30000000,114.30000000,114.30000000,114.30000000,0.00000000,GNOUSDT
114.00000000,114.30000000,113.90000000,114.30000000,3.15400000,GNOUSDT
114.20000000,114.20000000,112.80000000,113.70000000,121.33400000,GNOUSDT
113.40000000,113.70000000,113.40000000,113.70000000,5.87000000,GNOUSDT
113.60000000,113.80000000,113.40000000,113.60000000,11.77100000,GNOUSDT
113.60000000,113.60000000,113.40000000,113.60000000,8.00900000,GNOUSDT
113.50000000,113.60000000,113.30000000,113.40000000,16.18100000,GNOUSDT
113.50000000,114.00000000,113.50000000,114.00000000,20.84700000,GNOUSDT
113.80000000,114.20000000,113.60000000,113.70000000,18.94900000,GNOUSDT
113.70000000,113.70000000,113.40000000,113.60000000,9.61800000,GNOUSDT
113.60000000,114.70000000,113.60000000,113.90000000,13.35000000,GNOUSDT
114.00000000,114.40000000,114.00000000,114.20000000,5.79800000,GNOUSDT
113.90000000,114.80000000,113.90000000,114.50000000,8.82300000,GNOUSDT
114.80000000,114.90000000,114.50000000,114.50000000,2.20000000,GNOUSDT
114.70000000,114.80000000,114.10000000,114.30000000,22.82700000,GNOUSDT
114.70000000,115.00000000,114.40000000,114.90000000,36.81300000,GNOUSDT
114.90000000,115.40000000,114.50000000,114.50000000,18.58200000,GNOUSDT
114.50000000,114.50000000,114.50000000,114.50000000,0.09400000,GNOUSDT
114.90000000,115.00000000,114.90000000,115.00000000,0.88000000,GNOUSDT
114.80000000,115.10000000,114.40000000,114.40000000,10.66100000,GNOUSDT
114.60000000,115.20000000,114.60000000,114.80000000,11.01000000,GNOUSDT
114.60000000,114.90000000,114.60000000,114.60000000,2.83300000,GNOUSDT
114.80000000,115.30000000,114.80000000,115.10000000,8.59800000,GNOUSDT
115.10000000,115.10000000,115.00000000,115.00000000,3.08400000,GNOUSDT
114.90000000,115.10000000,114.90000000,114.90000000,0.64200000,GNOUSDT
115.00000000,115.20000000,114.80000000,114.90000000,21.05400000,GNOUSDT
114.90000000,115.30000000,114.90000000,115.00000000,6.52900000,GNOUSDT
115.20000000,115.50000000,114.90000000,115.30000000,7.03600000,GNOUSDT
115.20000000,115.50000000,115.00000000,115.40000000,5.51800000,GNOUSDT
115.40000000,115.40000000,115.20000000,115.40000000,2.07200000,GNOUSDT
115.40000000,115.50000000,115.10000000,115.30000000,2.98300000,GNOUSDT
115.10000000,115.30000000,114.80000000,115.20000000,13.93700000,GNOUSDT
115.20000000,115.30000000,114.70000000,115.30000000,14.13600000,GNOUSDT
115.20000000,115.30000000,114.90000000,114.90000000,4.92300000,GNOUSDT
115.20000000,115.50000000,115.00000000,115.20000000,6.12100000,GNOUSDT
115.40000000,115.50000000,114.90000000,115.20000000,7.53300000,GNOUSDT
114.90000000,115.30000000,114.90000000,115.30000000,5.98900000,GNOUSDT
115.60000000,116.30000000,115.40000000,115.60000000,19.04300000,GNOUSDT
115.50000000,115.60000000,115.20000000,115.60000000,3.50200000,GNOUSDT
115.50000000,116.80000000,114.60000000,115.10000000,52.02700000,GNOUSDT
115.00000000,115.30000000,115.00000000,115.10000000,13.44500000,GNOUSDT
115.30000000,115.60000000,115.30000000,115.60000000,1.93300000,GNOUSDT
115.40000000,115.40000000,115.40000000,115.40000000,0.18700000,GNOUSDT
115.40000000,115.50000000,115.00000000,115.40000000,7.12400000,GNOUSDT
115.40000000,115.40000000,115.20000000,115.20000000,0.79500000,GNOUSDT
115.10000000,115.30000000,114.70000000,115.30000000,1.69500000,GNOUSDT
115.30000000,116.20000000,115.30000000,115.60000000,10.54400000,GNOUSDT
115.70000000,115.90000000,115.70000000,115.70000000,3.64500000,GNOUSDT
115.60000000,115.90000000,115.40000000,115.40000000,9.59700000,GNOUSDT
115.30000000,115.70000000,115.30000000,115.70000000,1.13600000,GNOUSDT
115.20000000,115.70000000,115.00000000,115.60000000,10.58300000,GNOUSDT
115.60000000,115.60000000,115.30000000,115.50000000,3.59400000,GNOUSDT
115.30000000,115.80000000,114.80000000,115.60000000,33.00700000,GNOUSDT
115.40000000,115.80000000,114.80000000,114.90000000,12.02500000,GNOUSDT
115.00000000,115.00000000,114.50000000,114.70000000,9.86700000,GNOUSDT
114.90000000,115.00000000,114.80000000,114.90000000,4.47000000,GNOUSDT
115.00000000,115.10000000,114.70000000,115.00000000,43.51200000,GNOUSDT
115.10000000,115.20000000,114.60000000,114.90000000,5.39000000,GNOUSDT
115.00000000,115.40000000,114.30000000,114.50000000,17.64500000,GNOUSDT
114.70000000,114.80000000,113.80000000,114.10000000,23.40300000,GNOUSDT
114.00000000,114.60000000,114.00000000,114.00000000,5.79300000,GNOUSDT
114.20000000,115.00000000,113.90000000,114.50000000,19.10800000,GNOUSDT
114.50000000,114.50000000,114.30000000,114.30000000,3.45800000,GNOUSDT
114.60000000,115.60000000,114.60000000,114.90000000,35.58400000,GNOUSDT
115.20000000,115.20000000,113.60000000,114.10000000,7.59000000,GNOUSDT
114.80000000,114.90000000,114.40000000,114.50000000,1.67400000,GNOUSDT
114.70000000,114.70000000,113.80000000,113.80000000,15.55300000,GNOUSDT
113.80000000,114.30000000,113.00000000,113.40000000,20.36900000,GNOUSDT
113.40000000,113.50000000,112.80000000,113.40000000,20.99200000,GNOUSDT
113.30000000,113.80000000,113.30000000,113.80000000,2.03100000,GNOUSDT
113.70000000,113.70000000,113.70000000,113.70000000,0.17300000,GNOUSDT
113.70000000,114.30000000,113.60000000,114.10000000,5.57000000,GNOUSDT
113.90000000,113.90000000,113.90000000,113.90000000,0.53100000,GNOUSDT
113.90000000,114.60000000,113.90000000,114.20000000,2.73900000,GNOUSDT
114.20000000,114.50000000,114.20000000,114.20000000,1.16900000,GNOUSDT
114.20000000,114.30000000,113.90000000,114.00000000,109.90100000,GNOUSDT
113.80000000,114.20000000,113.80000000,114.20000000,106.19900000,GNOUSDT
114.20000000,114.20000000,114.00000000,114.00000000,29.05000000,GNOUSDT
114.20000000,114.40000000,113.80000000,113.90000000,7.81900000,GNOUSDT
113.90000000,114.30000000,113.60000000,113.60000000,14.86900000,GNOUSDT
113.60000000,114.50000000,113.60000000,114.20000000,17.02300000,GNOUSDT
114.20000000,114.40000000,113.60000000,114.00000000,18.09400000,GNOUSDT
114.10000000,114.40000000,114.10000000,114.20000000,7.86100000,GNOUSDT
114.30000000,114.40000000,114.00000000,114.00000000,22.91200000,GNOUSDT
114.10000000,114.70000000,114.00000000,114.40000000,36.31300000,GNOUSDT
114.50000000,115.40000000,114.50000000,114.90000000,42.72900000,GNOUSDT
114.90000000,115.10000000,114.30000000,114.40000000,21.19500000,GNOUSDT
114.40000000,114.50000000,114.20000000,114.30000000,1.61300000,GNOUSDT
114.50000000,115.00000000,114.40000000,114.60000000,3.35200000,GNOUSDT
114.40000000,114.50000000,114.30000000,114.50000000,0.45300000,GNOUSDT
114.30000000,114.80000000,114.10000000,114.20000000,4.40600000,GNOUSDT
114.30000000,115.70000000,114.00000000,114.90000000,28.61000000,GNOUSDT
114.80000000,115.50000000,114.30000000,115.50000000,14.57700000,GNOUSDT
115.30000000,115.50000000,115.10000000,115.40000000,5.70400000,GNOUSDT
115.40000000,116.80000000,115.40000000,116.70000000,87.46200000,GNOUSDT
116.70000000,117.00000000,116.20000000,116.20000000,15.89700000,GNOUSDT
116.50000000,117.20000000,115.90000000,116.60000000,40.43700000,GNOUSDT
116.60000000,117.10000000,116.00000000,116.00000000,16.45700000,GNOUSDT
116.00000000,117.20000000,116.00000000,116.90000000,25.82900000,GNOUSDT
116.90000000,117.50000000,116.80000000,117.40000000,71.06400000,GNOUSDT
117.30000000,117.30000000,116.70000000,116.80000000,17.60600000,GNOUSDT
116.80000000,116.90000000,116.70000000,116.80000000,2.18100000,GNOUSDT
116.80000000,117.00000000,116.70000000,116.70000000,6.02000000,GNOUSDT
116.80000000,116.90000000,116.30000000,116.40000000,10.21100000,GNOUSDT
116.40000000,116.50000000,115.60000000,115.70000000,11.02900000,GNOUSDT
115.80000000,116.40000000,115.80000000,116.10000000,13.77700000,GNOUSDT
116.20000000,116.70000000,116.10000000,116.60000000,12.78900000,GNOUSDT
116.60000000,118.20000000,116.60000000,117.20000000,65.25700000,GNOUSDT
117.10000000,117.40000000,117.00000000,117.20000000,24.79700000,GNOUSDT
117.20000000,117.40000000,116.70000000,116.80000000,24.13200000,GNOUSDT
116.90000000,117.20000000,116.30000000,116.70000000,14.90100000,GNOUSDT
116.70000000,117.00000000,116.70000000,116.80000000,4.44600000,GNOUSDT
116.90000000,118.60000000,116.80000000,116.80000000,37.93800000,GNOUSDT
116.70000000,117.50000000,116.30000000,117.20000000,44.86900000,GNOUSDT
117.20000000,117.50000000,117.20000000,117.50000000,6.19000000,GNOUSDT
117.30000000,117.90000000,116.90000000,116.90000000,33.62000000,GNOUSDT
116.90000000,117.00000000,116.50000000,116.70000000,3.66700000,GNOUSDT
116.60000000,117.10000000,116.40000000,117.10000000,17.83800000,GNOUSDT
117.00000000,117.20000000,114.30000000,114.50000000,95.86200000,GNOUSDT
114.50000000,115.30000000,114.20000000,114.70000000,42.69000000,GNOUSDT
115.10000000,115.10000000,114.40000000,114.40000000,23.44200000,GNOUSDT
114.40000000,115.30000000,113.90000000,114.00000000,54.45900000,GNOUSDT
114.10000000,114.20000000,113.60000000,113.60000000,33.90800000,GNOUSDT
113.60000000,113.80000000,113.60000000,113.60000000,32.11200000,GNOUSDT
113.70000000,114.20000000,113.40000000,113.50000000,127.60200000,GNOUSDT
113.60000000,114.50000000,113.20000000,113.60000000,86.24600000,GNOUSDT
113.60000000,115.80000000,113.30000000,113.30000000,106.49400000,GNOUSDT
113.40000000,114.00000000,113.30000000,113.40000000,54.53300000,GNOUSDT
113.30000000,113.40000000,112.50000000,112.60000000,56.91000000,GNOUSDT
112.60000000,112.80000000,111.50000000,112.30000000,75.98200000,GNOUSDT
111.50000000,112.10000000,111.40000000,111.70000000,48.16800000,GNOUSDT
111.70000000,112.00000000,111.20000000,111.50000000,125.37100000,GNOUSDT
111.60000000,112.40000000,111.20000000,111.90000000,60.98500000,GNOUSDT
112.00000000,113.00000000,111.30000000,111.70000000,85.42900000,GNOUSDT
111.70000000,112.10000000,111.20000000,111.50000000,48.89500000,GNOUSDT
111.50000000,114.30000000,111.50000000,112.40000000,114.83200000,GNOUSDT
112.50000000,113.00000000,112.10000000,112.80000000,52.66400000,GNOUSDT
112.40000000,113.40000000,111.90000000,112.40000000,61.07100000,GNOUSDT
112.30000000,113.90000000,111.80000000,112.20000000,87.05600000,GNOUSDT
112.10000000,112.80000000,111.60000000,112.20000000,123.31700000,GNOUSDT
112.10000000,112.80000000,110.60000000,110.90000000,94.46600000,GNOUSDT
110.70000000,111.30000000,110.50000000,110.90000000,55.88300000,GNOUSDT
111.00000000,111.90000000,110.50000000,111.10000000,73.75000000,GNOUSDT
111.20000000,111.30000000,110.80000000,111.00000000,45.35900000,GNOUSDT
111.10000000,111.20000000,110.70000000,110.90000000,28.67200000,GNOUSDT
110.90000000,111.20000000,110.90000000,111.10000000,8.68800000,GNOUSDT
111.00000000,111.70000000,110.60000000,110.70000000,83.56700000,GNOUSDT
110.60000000,111.10000000,110.50000000,111.10000000,20.66100000,GNOUSDT
110.90000000,111.70000000,110.30000000,110.80000000,197.94600000,GNOUSDT
110.80000000,110.80000000,110.60000000,110.70000000,5.79000000,GNOUSDT
110.70000000,111.80000000,110.60000000,111.00000000,43.28300000,GNOUSDT
110.90000000,113.40000000,110.90000000,111.80000000,135.52200000,GNOUSDT
111.90000000,112.10000000,111.70000000,111.90000000,23.14800000,GNOUSDT
111.90000000,112.20000000,111.50000000,112.20000000,18.64600000,GNOUSDT
112.20000000,112.20000000,111.90000000,112.00000000,4.11800000,GNOUSDT
112.00000000,112.00000000,111.80000000,111.90000000,6.24200000,GNOUSDT
111.90000000,112.40000000,111.80000000,112.40000000,27.38200000,GNOUSDT
112.30000000,112.50000000,111.90000000,112.10000000,18.25800000,GNOUSDT
112.10000000,112.50000000,112.10000000,112.30000000,8.22300000,GNOUSDT
112.20000000,112.30000000,112.20000000,112.30000000,2.84600000,GNOUSDT
112.10000000,112.30000000,112.10000000,112.30000000,5.09600000,GNOUSDT
112.00000000,112.00000000,112.00000000,112.00000000,0.17300000,GNOUSDT
112.10000000,112.20000000,112.10000000,112.20000000,0.27600000,GNOUSDT
112.00000000,113.30000000,111.20000000,112.20000000,61.10400000,GNOUSDT
112.00000000,112.00000000,111.40000000,111.70000000,27.93600000,GNOUSDT
111.70000000,112.00000000,111.70000000,111.80000000,6.01500000,GNOUSDT
111.80000000,112.20000000,111.70000000,111.80000000,4.60700000,GNOUSDT
111.90000000,112.50000000,111.60000000,111.60000000,20.53600000,GNOUSDT
111.90000000,112.00000000,111.80000000,111.80000000,4.80800000,GNOUSDT
111.90000000,112.90000000,111.90000000,112.10000000,22.82700000,GNOUSDT
112.20000000,113.00000000,111.90000000,112.40000000,21.51400000,GNOUSDT
112.50000000,112.50000000,112.30000000,112.50000000,0.85000000,GNOUSDT
112.50000000,112.90000000,112.40000000,112.50000000,8.18900000,GNOUSDT
112.40000000,112.50000000,112.30000000,112.40000000,6.27100000,GNOUSDT
112.40000000,112.50000000,112.40000000,112.40000000,1.47200000,GNOUSDT
112.50000000,112.60000000,112.20000000,112.30000000,6.79300000,GNOUSDT
